id	mu	w	weights
5003	-6.074120282183005	0.3545146744934668	0.0008593449120758879
5004	-6.645188462396549	0.23159832068027003	0.0010107187211839976
5005	-4.583882824814434	0.12597921858274347	0.0008182406477502001
5006	-6.908922655249052	0.3803669120591705	0.0013241385597881786
5007	-5.2161328545106596	0.16964458561774598	0.0008410283112505897
5008	-6.610242546594165	0.15960975784225936	0.0010850093053284538
5009	-4.7865971199291835	0.08972619891888453	0.0008159377033720342
5010	-5.9842975214828	0.10764072753108148	0.0010355534248491349
5011	-4.9337899484718895	0.3233599820928398	0.0009888121919495111
5012	-5.629795946073985	0.13965581412975625	0.0010449143285684807
5013	-5.899254453967415	0.5952869561537865	0.0008585631973029502
5014	-6.744186792620274	0.0392892108342063	0.0016815829497077233
5015	-5.067175997081902	0.1724671170476318	0.000793532231245148
5016	-5.274148757090771	0.395372071539141	0.0009673338554406981
5017	-5.279164681144142	0.1268839705644718	0.0009458122591789376
5018	-6.559067312558774	0.5424791131050725	0.0009445551379711987
5019	-5.138261886291637	0.21363170819274266	0.0008119714569200351
5020	-5.668223927891011	0.4973933169658396	0.0009012705327478344
5021	-5.879283159667522	0.45346481418355167	0.0008411710629154135
5022	-6.966240867033182	0.07831008054609379	0.0020864645188081164
5023	-6.849228821804666	0.2594285104137454	0.00126811766878436
5024	-5.043412898283409	0.18368165817424886	0.0007920629266221502
5025	-6.719245475422423	0.23061235191172508	0.001092339864175984
5026	-6.285558335734027	0.5037207234892114	0.0008609803531847347
5027	-5.170594102019539	0.22298252791719558	0.0008169778527409056
5028	-5.260945834621102	0.14309131659589736	0.0008991153983039446
5029	-6.3340787438368915	0.38832717336586275	0.0009179034255636216
5030	-5.3727040024889305	0.11217142401409019	0.0010556566027810606
5031	-6.638327593029042	0.4805969025087715	0.0010684320321299472
5032	-6.615760906560007	0.48791621935426627	0.0010444456268912555
5033	-6.712057361976641	0.29208484855516514	0.0010114904348310627
5034	-5.304904011135941	0.3408044511028276	0.0008837375195050479
5035	-4.9252343914910455	0.18957267371083875	0.0007897156820944813
5036	-6.566446066123818	0.34768819734193257	0.0009367501030028611
5037	-5.167858063040812	0.49945861907439776	0.0010288745841480922
5038	-4.59198137354648	0.17305544832705272	0.0008025739003401188
5039	-4.9075328433724765	0.1279667735178927	0.0007720494672000332
5040	-4.95045105284987	0.05922073617075055	0.000920704547359699
5041	-6.958134159950449	0.12056906611759724	0.001858978898255707
5042	-4.846214607037576	0.1974964439413556	0.0007990546381694092
5043	-5.479601306660288	0.2969053754065103	0.000842614338056297
5044	-5.636382663817562	0.20420026547074854	0.0009659674721884618
5045	-5.094110448839465	0.10279364961285899	0.0008691115275008494
5046	-4.923505922816271	0.20359334593805067	0.0008024184782341957
5047	-6.340490345477318	0.4590983039748403	0.0009157949286107209
5048	-4.871832867019519	0.2649507004301279	0.0008891862855509644
5049	-5.9999459026416835	0.08832476965683889	0.001109970787729018
5050	-5.223655643914745	0.3384689347504024	0.0009093964773471399
5051	-5.4721345705243865	0.27621958404741875	0.0008486433710805553
5052	-6.700953034706554	0.2631203641567964	0.0010272843458466057
5053	-5.8155289554189	0.018568882268885145	0.0018055587341026756
5054	-6.175315411522844	0.35826351512014853	0.0008738021827035597
5055	-5.152756428003035	0.3841835485026238	0.0010078785487985114
5056	-6.657321661511402	0.29870475860187684	0.0009614631495810861
5057	-4.604174937528732	0.11903561760839416	0.0008197752303976442
5058	-6.071604016082819	0.4409923875656181	0.0008503736030199052
5059	-5.386153626677608	0.07584879383161455	0.0012343365988347927
5060	-6.030211450256465	0.32862842172057105	0.0008682306353507347
5061	-6.654399136074727	0.18664044881451158	0.00108370233586436
5062	-5.85992158796809	0.4839080123160535	0.0008505439958503275
5063	-4.793204121616594	0.13828477242710824	0.0007715921867707689
5064	-6.354370168178696	0.37763916059194574	0.0009167215061508778
5065	-5.500018844050567	0.2624772349492883	0.0008632392992510265
5066	-5.397728495069641	0.23015294723107466	0.0008569667376298719
5067	-6.358825014699296	0.555375207836836	0.0008444857363428557
5068	-5.871744686458413	0.29300056255075685	0.0008992076200619936
5069	-5.660657378347595	0.31066518320189457	0.000857713091034501
5070	-5.79466298379797	0.4328842245086101	0.0008414447032856553
5071	-5.260738400591366	0.09776863824154078	0.0010206375559638674
5072	-5.280303000684446	0.3162809016834783	0.0008641502345040886
5073	-5.685602006550449	0.10382862381041814	0.0011198017347173932
5074	-6.621446420122193	0.5411276043572547	0.0009947871643683503
5075	-4.8726475562099125	0.058495083224162844	0.0009018959446057516
5076	-6.841105050989226	0.009509255554836747	0.0022877441942402497
5077	-6.703010085537692	0.29364241881578496	0.001001605037456951
5078	-6.9331168296016745	0.5644917681855116	0.0015327036753806915
5079	-5.209558503529202	0.2713308223680216	0.0008392261395982596
5080	-6.353812934106006	0.5271002642926687	0.0008598777148610256
5081	-5.33780107927408	0.45670885176273923	0.0009952858488076757
5082	-6.255354176386752	0.23927415535421084	0.0008757405030005373
5083	-5.759477422003386	0.4809965161571073	0.0008690985722785624
5084	-6.660795244699547	0.5381353138987911	0.0010350975608434396
5085	-5.035789235782328	0.30452617139212806	0.0009242902015609905
5086	-6.807084996933805	0.0999889719309583	0.0014728377588655607
5087	-6.432691915058871	0.47104019164872135	0.0009454934647895343
5088	-5.883153987434309	0.3154571917158918	0.0008732942859617325
5089	-5.925766087516174	0.20486840680538504	0.0009533769007366528
5090	-6.250219168094999	0.5666502332169401	0.0008223886632984317
5091	-6.751727065177188	0.4388869326466024	0.0011599826629582915
5092	-4.928152905474934	0.1794777064547482	0.0007822672898037206
5093	-5.106222896464751	0.15393369334072105	0.0008088213338489083
5094	-6.1679975978988315	0.32276336292265145	0.0008755480687857864
5095	-5.853175108319763	0.0024811182668696558	0.0021227597407846633
5096	-5.370885004160073	0.24116391488844768	0.000843345659791196
5097	-4.964253081080047	0.3380345950336737	0.001008313254784627
5098	-5.643691140016625	0.4712094750477514	0.0008961505494691628
5099	-6.401312866096391	0.40723348264689746	0.0009482314235356333
5100	-4.754907339243822	0.10693035436777777	0.0007954165257355477
5101	-5.1916800679194255	0.35531876009088353	0.000948026045489814
5102	-6.909204326110535	0.19981242752496306	0.0015285098234167943
5103	-6.906778213882391	0.317758609870588	0.001327482462888672
5104	-5.214734615667477	0.28210071079581295	0.0008467228593034495
5105	-6.877579316173935	0.3975074052125679	0.001274318682048593
5106	-6.236438894408872	0.36234113048454175	0.0008847673173060208
5107	-5.7331271861566835	0.29429248767403093	0.0008847435614744959
5108	-5.91705420216033	0.08739760808140395	0.0011246743514076608
5109	-4.737470735670483	0.07914126836188769	0.0008498670146016051
5110	-6.826723567335069	0.239262227228552	0.0012534305770399567
5111	-6.110097915329391	0.4054048042112797	0.0008600578067905818
5112	-5.331672222118879	0.36145224103550566	0.000899399418777558
5113	-5.839125055101441	0.573968994275124	0.0008688217470025808
5114	-5.751747145896615	0.3841693172687871	0.000830089010404859
5115	-6.148019930956777	0.49093426062508366	0.0008459707022950779
5116	-6.162874080320302	0.030079643927865635	0.0015678779858098795
5117	-6.591866993015661	0.5815191989617767	0.0009396969879768843
5118	-6.112400214219098	0.5517873391351301	0.0008200303522233521
5119	-6.183087185019397	0.5011548885789278	0.0008444394538192855
5120	-6.84226315056294	0.11018487092149039	0.0015174631702662604
5121	-6.472694730803143	0.4659424523394177	0.0009700799445216681
5122	-5.050926439790896	0.18827069477930625	0.0007946270615383971
5123	-5.4954170180406585	0.41027628201847505	0.0008957678058123489
5124	-5.197679300617941	0.4318758691128906	0.001030929394174332
5125	-5.868710052587847	0.24299109557362503	0.0009510003022442853
5126	-6.571846144491213	0.17521609903432112	0.0010255362715370022
5127	-6.859249874759268	0.45149933698311934	0.0013195846567846746
5128	-5.62125834930856	0.4843192882309901	0.0009105400143160331
5129	-5.397729154434302	0.2891799555987919	0.0008373755515186451
5130	-6.719928095958047	0.4462342312411889	0.001137089486433644
5131	-6.558612572376553	0.3531398591331559	0.0009400418560040469
5132	-6.692422204155194	0.3382558350416638	0.0009903308612574145
5133	-6.528300024272539	0.6141003902994175	0.0008943216336661592
5134	-6.568836891139463	0.47443916467668923	0.0010208314350221989
5135	-6.812099501797997	0.46601863147739564	0.0012569239554593398
5136	-5.87275715108658	0.21527179792795859	0.0009634541076545127
5137	-6.602551352363332	0.47911353383354915	0.001041290117392577
5138	-6.305467629055794	0.08098208288528112	0.001153002123170143
5139	-6.20002661572146	0.5723239893695883	0.0008182644551852537
5140	-4.778699393230932	0.3216703624039334	0.0010100268244795803
5141	-4.953129826476633	0.4448177527205316	0.0010682386137491745
5142	-5.378842817178972	0.33404513166353456	0.0008579963990673849
5143	-6.059807666922097	0.4690283249166381	0.0008448389567911135
5144	-6.457610337928019	0.13428529818502738	0.0010245128623114813
5145	-5.384360046413529	0.3776563771490798	0.0008997221872477828
5146	-6.401057240190509	0.32630821465109294	0.0008871696890815148
5147	-5.579758645069806	0.20139543636187915	0.0009537426752955988
5148	-5.924011626449304	0.10454282531052657	0.0010551933116474126
5149	-5.570788877784897	0.38246516204219966	0.0008531115508014492
5150	-4.910906878938503	0.17836194350436557	0.0007813456313405158
5151	-5.696211586522295	0.5207062470557123	0.0009005247361539088
5152	-6.027951048039652	0.2720241135191854	0.0009097775470419608
5153	-6.796787445577716	0.4669623534954518	0.0012356732781821141
5154	-6.714760789657283	0.07612447029245187	0.0014165751769951768
5155	-5.323725165433826	0.16088609739537746	0.0009042600537211821
5156	-4.868553214953872	0.29582098202354695	0.0009468801443245154
5157	-4.887246900031783	0.32490093908043005	0.0010021524400303332
5158	-5.677142686239243	0.5142114142112971	0.0009047392733190703
5159	-5.575703533692662	0.3019731223253058	0.000852528231300028
5160	-5.27287295327448	0.03996813509630683	0.0013992289116732718
5161	-5.035759528975638	0.015250769425167607	0.0012990033375424718
5162	-5.454640348527846	0.11518173405917534	0.00108719654161203
5163	-5.517537298658307	0.5222300300418681	0.0009663525866347479
5164	-6.419564179513602	0.01689486501395509	0.0016947068596416886
5165	-6.378709943294235	0.5453084962534185	0.0008550031619285328
5166	-6.014923583145065	0.2716727625003075	0.0009119900465961502
5167	-5.800725043926795	0.39782002532769023	0.0008290504872610575
5168	-6.562525311735392	0.5346085119990245	0.00095443553881114
5169	-5.747324622447454	0.33002376745393214	0.0008494508304569842
5170	-5.58115693776072	0.3640628493585017	0.000843038438108264
5171	-6.102688087385435	0.3791765134257977	0.0008594034342090735
5172	-5.147865442325381	0.14050256192306781	0.0008383324932421426
5173	-5.817593778949757	0.1963174762305709	0.000976950412703847
5174	-4.867185486422942	0.006078223452318024	0.0012682119319147437
5175	-5.723120183273456	0.36316926462523025	0.0008323951880408332
5176	-6.482257037513419	0.20818231397776696	0.0009260653039863865
5177	-5.1470558221524065	0.15672130200847342	0.0008227393414639458
5178	-6.010116061216648	0.5879295321958025	0.0008311745177296103
5179	-5.680040890179303	0.42570212014022535	0.0008571746454791092
5180	-6.095788315051613	0.27315397485483517	0.0008979223199987386
5181	-6.15899174097485	0.3850646844409875	0.0008716598513577314
5182	-5.753762386262706	0.3751843697263101	0.000829821637019599
5183	-6.523417357478678	0.22581847979224084	0.0009306034650947229
5184	-5.39191491571809	0.5096693095938777	0.0010012997098581675
5185	-6.392129775360186	0.23121382851886285	0.0008816558343963996
5186	-5.66562103346097	0.5200559122782271	0.000910828484470807
5187	-6.548051458832922	0.22139107238884748	0.0009489259050104558
5188	-5.469195096307429	0.16408067865717782	0.0009698154366560726
5189	-4.846489786504383	0.16201458641000752	0.0007728104112195792
5190	-6.593450255853736	0.5512279491703662	0.0009621625881930772
5191	-6.307288694841504	0.3489539919708837	0.000890391254755827
5192	-5.251993877175785	0.45056779668971697	0.001020679807606648
5193	-5.376943751788952	0.37488895260041116	0.0008991784067156607
5194	-5.157304472562048	0.20582168832952294	0.0008123184077047311
5195	-6.505196568061693	0.16644179739220008	0.000991292392324329
5196	-4.702881621751359	0.05698230277619357	0.0009363383248249261
5197	-5.236887093841156	0.32078547529583085	0.0008812383463605244
5198	-5.162883992090423	0.2200286216648822	0.0008156560095860636
5199	-6.106519214327838	0.43831478149985664	0.0008572111715422778
5200	-5.332866299540978	0.3902723465964104	0.0009351568762509817
5201	-5.954800370701336	0.5295919850441199	0.000837382244448992
5202	-6.131489021807759	0.23934299361865388	0.0008974156688479978
5203	-6.28787256158448	0.5024270204196273	0.000862609139779362
5204	-6.054278549944634	0.3763899079950581	0.0008506128364556335
5205	-6.378330677920315	0.20820353688554624	0.0008903933224982625
5206	-4.803214901434708	0.25699650438096744	0.0008801583637459947
5207	-4.975767182180047	0.18497924219385195	0.0007872836950004796
5208	-6.6600791684092595	0.3484986203758612	0.0009770709318029378
5209	-6.006826061655036	0.3964483832261122	0.0008401068459898161
5210	-5.0644733594874305	0.1794260701378996	0.0007938833130496394
5211	-6.391677795873798	0.0325590889337052	0.0015186963346708745
5212	-5.979816574769571	0.369047253113641	0.0008414109786406076
5213	-5.511151529425109	0.12366893966507653	0.0010763567944735751
5214	-5.840577992061892	0.4023274513344574	0.0008284367697983979
5215	-5.874351010003266	0.5299039099617202	0.0008519781223959877
5216	-5.220322758118439	0.43467456405827254	0.00102465481804779
5217	-6.223494889343556	0.25765767984572513	0.0008786697962348282
5218	-4.696979570953123	0.08716538074000175	0.000842764953275837
5219	-6.422036851222164	0.26377635296335294	0.0008769634575255299
5220	-6.32086446413179	0.04675013098000046	0.0013829634049442375
5221	-5.561465978697082	0.2908200102448875	0.0008573304923846489
5222	-5.958718581923115	0.04581480566095157	0.0014219706418406419
5223	-5.085536851830065	0.01627570667489693	0.001356921317837301
5224	-4.64632361205143	0.06753158531544906	0.0009191898959799818
5225	-6.2338698050128345	0.3411880181752569	0.0008794466312106188
5226	-6.1349213011397286	0.332472812131785	0.0008721961641397118
5227	-5.1518305649034986	0.09927867858692298	0.0009203599948985474
5228	-6.398169552021016	0.5630561168742529	0.0008527517546842565
5229	-6.467308647235327	0.42999993341668474	0.0009807552779469027
5230	-6.304178735979072	0.31715576382254224	0.0008770727094788933
5231	-6.913162590736092	0.23652519146937184	0.0014804368793568505
5232	-5.258257096095683	0.13016528331728064	0.0009234337803024702
5233	-4.852742187465671	0.35289200957668376	0.0010596590287728239
5234	-5.057395830669378	0.4488490898282907	0.0010583638027307177
5235	-6.581264451813951	0.053201307037653967	0.0014188761669304086
5236	-4.803206831254523	0.34258985238629636	0.0010489957470333705
5237	-4.904746992746353	0.3458386513267983	0.0010378315092843138
5238	-5.886277047129289	0.20868352147067248	0.0009621841093902573
5239	-6.211960004158043	0.3454418389053848	0.0008778524804756124
5240	-6.2221337618683075	0.20862825727993548	0.0008829524459950073
5241	-6.03801082567803	0.3247769511077191	0.0008711975313598878
5242	-6.929972901126049	0.09054982833318168	0.0018539163414774162
5243	-5.251385888787457	0.42309411272869046	0.0010058849203190433
5244	-5.977519478476082	0.3695123380611184	0.0008409673920970437
5245	-6.218854577531789	0.33355848530382165	0.0008771830664879164
5246	-6.865680479070431	0.03849207578466671	0.0019849330968123463
5247	-5.1491979518409705	0.12041252597957208	0.0008691860277751633
5248	-6.231403129392551	0.18893102175785487	0.000888700736128195
5249	-6.753675798826932	0.4226416420094253	0.0011417742999125923
5250	-5.876691162042587	0.2860794398490675	0.0009076955229644152
5251	-5.135808442631519	0.19384122620081579	0.0008079503057073445
5252	-5.764278980915291	0.5505517823275723	0.0008863944437532755
5253	-6.299339378443159	0.41806958354694596	0.0009150903540882248
5254	-4.908170102323198	0.3087737606261623	0.0009658788908337209
5255	-5.336244014058689	0.511506009222821	0.0010152483162109772
5256	-6.805944554846956	0.6034890621359964	0.0011660578580434144
5257	-6.676682311181781	0.08701755565068929	0.0013309838895425475
5258	-6.01406291132386	0.5062944501289071	0.0008354821574205151
5259	-5.8480462927667345	0.15151592630813399	0.0009868572479264542
5260	-6.177701267506043	0.46931294585710615	0.0008620289418056995
5261	-5.734791715868581	0.4735721067346523	0.0008719873003284675
5262	-6.517653600111729	0.49016307258101927	0.0009726731792523448
5263	-6.537483661669529	0.23235450382943584	0.0009323498778415376
5264	-6.565615078828535	0.0687930574479503	0.0013204714203973122
5265	-5.781497156468407	0.2641349132248536	0.000928768390527722
5266	-5.844216113113263	0.494924779901073	0.0008550451979823916
5267	-5.303335181319227	0.061969221878593606	0.0012520824432849082
5268	-5.953870677133985	0.41437220465913754	0.0008338912996366561
5269	-5.561211505326649	0.48799701214159896	0.0009332551030092885
5270	-5.709925648025418	0.3502585766212443	0.0008361528256404551
5271	-6.183353157836267	0.2651605549472319	0.0008843883034435263
5272	-5.3596034907013	0.45982923523716834	0.000989344898451651
5273	-5.300938765555274	0.3650530803727308	0.0009156792418888921
5274	-5.851776059931743	0.12445719270623207	0.0010204118401527572
5275	-6.3662178000873855	0.14479352807148194	0.0009604499636923874
5276	-6.373795482507174	0.28110500448493037	0.0008712302278735246
5277	-5.8098415554179015	0.5690562148952845	0.000876748583537879
5278	-5.554938261767213	0.4333919379010822	0.0008971068473665333
5279	-6.625044778452756	0.03514912079314279	0.0015813188044669104
5280	-5.641268225487198	0.5357129697478205	0.0009259196989654966
5281	-6.444066625284372	0.4746256599914482	0.0009477247783016236
5282	-6.388431640432743	0.48406070104485255	0.0009129313120902691
5283	-4.696624846142372	0.12833111813703826	0.0007895288025047366
5284	-5.490039060304133	0.4793052569523067	0.0009539233249306093
5285	-6.696379901504999	0.43014895104232637	0.0011037528671019375
5286	-6.165668824069463	0.49583586437073435	0.0008454081919582838
5287	-5.596670381883885	0.24015900029668436	0.0009149572283815793
5288	-5.653750604593411	0.1658991400911166	0.0010073988550116902
5289	-4.897830745275483	0.05210284545309188	0.0009340038816480074
5290	-5.391053162953294	0.5557117023625284	0.0010250120916182922
5291	-4.887237328041302	0.06821665087326334	0.0008687512145720686
5292	-5.183299611968512	0.4193285857130823	0.0010293571800650226
5293	-6.236056329564951	0.567588282123443	0.0008209364206170675
5294	-5.041462632683034	0.4049874190488172	0.001067160816698359
5295	-5.433720280323246	0.32681037163800686	0.0008455209171521433
5296	-5.272698417048472	0.30861100201917174	0.000858582938223475
5297	-4.812251772498152	0.024768177384228214	0.001091130703241681
5298	-6.936180333093176	0.5580696097947043	0.0015483622051530586
5299	-5.46089990832022	0.40362563294913334	0.0009009099529386151
5300	-6.837123999532402	0.3804599015355471	0.0011825059425919593
5301	-5.877198629793064	0.4120579044852727	0.000829929043635052
5302	-6.503219415535709	0.44495363676652433	0.0009970187492722162
5303	-6.466429807042308	0.2536255716609633	0.0008896105140400767
5304	-4.852501948915873	0.14976798821563123	0.0007685891272646844
5305	-4.961588264901148	0.14093409198148893	0.0007747417261927596
5306	-5.708661360075858	0.18478800324089467	0.0009910266659698204
5307	-6.235104682513197	0.09254086035726583	0.0010865992341149314
5308	-6.54858718084215	0.5995917048080923	0.0009060255477751694
5309	-6.422994118121258	0.16737223176507154	0.0009453991470413012
5310	-5.910905217550455	0.06756312581213689	0.0012404594120566388
5311	-6.089192103745106	0.5323873478744712	0.0008254911480237884
5312	-5.453546901456918	0.0018990803276289353	0.0021816528350309047
5313	-6.555549021629337	0.5368317461940436	0.0009473687505193015
5314	-5.594697644208497	0.027086477393720013	0.0017298820357712092
5315	-6.613096939138773	0.4810872378835907	0.0010478549591823479
5316	-5.510298142443965	0.43887813256272573	0.0009170540361824069
5317	-5.5808568517760735	0.3246923238052315	0.0008426732540885138
5318	-5.585503203256887	0.05591359175285737	0.001413472694026661
5319	-5.12237962736697	0.2394677611121913	0.0008252293609599422
5320	-5.919837856335462	0.5818694547116735	0.0008482432141664746
5321	-5.6961657059664565	0.1526129745217475	0.0010193085027069163
5322	-5.068744623846832	0.13133378422524142	0.0008108686085052486
5323	-4.891177965053449	0.16044417223984225	0.0007715006292911437
5324	-6.148875162010246	0.5746890085753679	0.0008174048999700057
5325	-6.718417109865442	0.16030981018358592	0.0012028471569419542
5326	-5.288842478551915	0.3465209834498882	0.0008960887382279568
5327	-5.955061891825633	0.05854161317199669	0.0013042427682362708
5328	-6.57436930964657	0.20943806123442882	0.0009801290088684751
5329	-5.213464756979374	0.4055085504384935	0.0010058744087248666
5330	-5.578129632718316	0.3789515232075675	0.0008497779754115076
5331	-5.676549310335863	0.35034696169930546	0.0008363837410093939
5332	-5.806531232663138	0.34256210594582304	0.0008429768229553411
5333	-6.032333338929646	0.5366569245313264	0.0008275141596569561
5334	-4.988773676385124	0.09345924712882481	0.0008323173764993615
5335	-6.20880000395742	0.08031266305102222	0.0011445401719508627
5336	-6.585434275106088	0.0012601980303928798	0.0019500436330007929
5337	-6.415062398902929	0.2639762227779101	0.0008758731972373819
5338	-5.5128618606983855	0.4571197091263465	0.0009308582337007529
5339	-5.013562718482091	0.350611332873495	0.0010144447797080913
5340	-5.463124564058693	0.18460931122299032	0.000933182934023618
5341	-6.71091274736132	0.17580506474804958	0.0011670154650103516
5342	-6.733976751173385	0.30572606776164174	0.0010262609426588667
5343	-5.645500415941098	0.3112131223655101	0.0008554348093780474
5344	-6.264561612767544	0.43273275846650494	0.0009014296072988819
5345	-5.057673786319581	0.0793536186726797	0.0009087995540116346
5346	-5.1044710531194735	0.020454442047999392	0.0013390837134245508
5347	-5.770581990548662	0.5741354788945306	0.0008926014493002231
5348	-6.745004639834164	0.23956239841431218	0.001113359481923649
5349	-5.5270153972579035	0.17697470333171372	0.0009694978956554315
5350	-4.851719740721253	0.22800768082330175	0.0008343440762906552
5351	-5.189664333646914	0.3391888619954573	0.0009239228596401964
5352	-6.366796031376354	0.3062600113527376	0.0008755919250153691
5353	-5.950240463542162	0.5109992171599756	0.0008397967831373762
5354	-5.598737258587159	0.468607419045814	0.0009089721238993685
5355	-5.704236326838887	0.1554440678201605	0.001015183107805481
5356	-5.773616290470725	0.1950680734953686	0.000982534669620136
5357	-6.480689799771409	0.013622737989019001	0.0017418502450857916
5358	-6.711447100887658	0.05677366403422592	0.0015111650964957834
5359	-5.110380337781627	0.010831538411466016	0.0014643993793037556
5360	-5.941400673932551	0.5484610653936168	0.0008387443173475688
5361	-5.13047290044468	0.04315536177627992	0.0011691272561954102
5362	-6.0098486983236485	0.11769800026162669	0.0010030880611656538
5363	-6.1453654443244385	0.29062862520448585	0.0008846942744359356
5364	-5.99384163851761	0.392010340133055	0.0008384951227905828
5365	-5.270338613588557	0.42819167465906893	0.0010022636134379643
5366	-5.306865705907013	0.11345566639814542	0.0010044266165265632
5367	-5.906143339074141	0.4448116924737593	0.0008377504534591245
5368	-6.835672625899738	0.43606083427961534	0.0012596649711267718
5369	-5.140225755398917	0.2692919796241929	0.0008482886710799263
5370	-5.492747600325554	0.5654044486007211	0.0010010058046804474
5371	-5.109234972341939	0.3429109363322564	0.0009635923696056218
5372	-6.379727870779744	0.5935092905601569	0.0008437801573313935
5373	-5.419933000267866	0.21662921860502524	0.0008758921069619994
5374	-6.565996799187515	0.5161250908495154	0.0009764537390079463
5375	-5.785247612994024	0.4076087335428539	0.0008324724388922106
5376	-5.02702252167139	0.393869432931468	0.0010648152542790297
5377	-5.833092978768866	0.41586638037598594	0.0008317843995702336
5378	-6.675324671638554	0.5793938561399493	0.0010123881325017712
5379	-5.115991177830617	0.0800899590004556	0.000952910773518731
5380	-5.638758675402214	0.433765566803738	0.0008726384267776805
5381	-5.744586270405282	0.3816659700522348	0.0008303534384713089
5382	-6.100765490081941	0.05423682524443561	0.001327096437985205
5383	-5.2456706406804505	0.09734148718729099	0.0010085849406803557
5384	-5.313387742287951	0.3318856535580651	0.0008714251006258251
5385	-6.5832049007310065	0.050866470908305386	0.0014352368249046902
5386	-4.930581329300776	0.206586514602346	0.0008051842297875797
5387	-4.686837786925486	0.22922101096624806	0.0008398848599374956
5388	-6.158638789016266	0.16018209607567954	0.0009138660519900889
5389	-5.830456716084961	0.5908284351548059	0.0008783963992347525
5390	-6.52886306594113	0.18469966084299252	0.0009799039939822646
5391	-5.886527652354124	0.5378453951258422	0.0008496698354061526
5392	-5.487778961801203	0.27703497696920454	0.0008512637605469042
5393	-5.955926633212796	0.15142151470016885	0.0009588501000271734
5394	-4.820245147789284	0.28181700298104806	0.0009243807602216567
5395	-6.257703339895017	0.5313401768805882	0.0008360066592177534
5396	-6.04699230869677	0.5608782754589532	0.0008232553648249616
5397	-6.639062015445092	0.13485500884162835	0.0011611555357019313
5398	-5.337215717952424	0.3686420580776193	0.0009062216878826084
5399	-4.846429855171603	0.26817576227725437	0.0008970621159571488
5400	-6.888854039146288	0.368372154795263	0.0012690756132248484
5401	-4.712233320204013	0.008370353812768683	0.0012782856370045295
5402	-6.260877523353196	0.11077095374669503	0.001020142817181935
5403	-5.611968200706369	0.34747962816808325	0.0008385023310272975
5404	-5.646599869461562	0.18974560774753704	0.0009824108048758972
5405	-5.787739980155115	0.2150387063993247	0.0009725126517185508
5406	-6.050685930944352	0.5666468950671182	0.0008228371991090461
5407	-5.433911776745911	0.226379228545489	0.0008717907701283481
5408	-6.799594287139731	0.4352639456362774	0.001208627673900404
5409	-5.855949523189288	0.026948916386566685	0.0016672199869694263
5410	-5.391770408585935	0.4940594579652489	0.0009949025212324801
5411	-4.842192578602776	0.09420337553355844	0.0008031798775812095
5412	-5.232645774940743	0.3844186259951843	0.0009720554258452463
5413	-4.704283588279064	0.17313751642302166	0.0007890424098098345
5414	-5.563065910985566	0.1290928753150119	0.0010681396413763653
5415	-6.777796763563266	0.4573864721961106	0.001205030011949731
5416	-5.787044908632876	0.07338404707949353	0.0012260940799454266
5417	-5.498396920250946	0.3007778966784703	0.0008435233425580251
5418	-5.699857600734602	0.42263786001138537	0.0008512249921919475
5419	-6.856036200420284	0.283702808675374	0.0012446787830940323
5420	-5.541781539915447	0.08445612862941476	0.0012308766907502366
5421	-6.387532192677341	0.24266321488095718	0.0008769574053349119
5422	-6.101189035941025	0.2507469472731101	0.0009032152602629685
5423	-6.420523386183722	0.3346654681860039	0.0008949028476179659
5424	-5.364107983692572	0.09781103233603394	0.0011059760368184054
5425	-6.362335862433006	0.42105054082360116	0.0009376609511067194
5426	-6.54538084864998	0.4204309402753894	0.001011439964225101
5427	-4.726812389322794	0.2774861223231626	0.0009194720592807038
5428	-5.705879763733493	0.23791076488622032	0.0009467955829383377
5429	-5.343657969939543	0.47502623176719566	0.0010017532096366528
5430	-5.643466452461232	0.22115212121116384	0.000950088481435022
5431	-5.946620014401127	0.44496022222679177	0.0008379763080260064
5432	-6.855024655991103	0.5803290257245213	0.0012936060598962421
5433	-6.358270112707923	0.22640257874996156	0.0008784733209932677
5434	-4.911979718617041	0.06660033155774545	0.000879282010712336
5435	-4.993805540877736	0.3516996575275298	0.0010230452918453363
5436	-4.818705571213433	0.09794266709429064	0.0007984044666682878
5437	-5.3866352254390755	0.4594688426233597	0.0009794009362891218
5438	-6.699260852731131	0.16913552728030629	0.0011633974581076515
5439	-5.758300858536851	0.1325942638382497	0.001031971733396566
5440	-6.9092942292131045	0.23065725226206285	0.0014784266516118527
5441	-6.539631249994416	0.008673883483576807	0.0018216306319622669
5442	-5.938877175223412	0.3289262248017157	0.0008627796999179717
5443	-5.124395404562572	0.38788881838142425	0.0010245000130370905
5444	-6.466806249703471	0.45049768882151653	0.0009768442122955873
5445	-6.5823318810420846	0.5817817072462803	0.0009329668381173934
5446	-6.011377499160665	0.4200080981791843	0.0008409622476419051
5447	-6.520532192482124	0.5270416024775033	0.0009340966953750139
5448	-5.555130184834153	0.39750927936945385	0.0008669904186501733
5449	-5.973094025815551	0.11318242977269308	0.0010207219969378446
5450	-5.7531141463545685	0.5825732668384254	0.0009032604141258001
5451	-5.259046874213281	0.3467001554559844	0.0009073128594930508
5452	-6.802652746298101	0.1550548339024578	0.0013429790724522525
5453	-5.832594006110744	0.26564245936203	0.0009306054866845275
5454	-6.430612479463926	0.5343912649808833	0.0008811663739605207
5455	-4.818144688969926	0.2808402122858079	0.000922639519273596
5456	-6.144705007007495	0.2207438911438613	0.0008949180881630185
5457	-5.156914318472345	0.12842664829703918	0.0008600979380205947
5458	-4.774673622024871	0.09560997042882213	0.0008075074256127537
5459	-6.389742154418727	0.1915426747205083	0.0009055439875016107
5460	-6.087818847574485	0.3362719838918338	0.0008676926770233827
5461	-5.832591406592565	0.3324356613520225	0.0008527467379113238
5462	-6.970759134661421	0.3473209409024698	0.0015101072594271771
5463	-6.495300838511543	0.392438949790383	0.0009678456663166058
5464	-5.87028240991646	0.21093582426803456	0.0009648969475565015
5465	-5.480596990470469	0.27036998723950234	0.000853365992143844
5466	-5.896099614968077	0.32784793391160677	0.0008611625654407893
5467	-6.411870210765112	0.20870832695058647	0.0008986072035745263
5468	-4.884955713215154	0.05449656125572781	0.000920492256676761
5469	-5.33623814555938	0.37316957880138324	0.0009122457848315088
5470	-5.096079694394879	0.0379560836198667	0.0011651288768632741
5471	-6.311035807703888	0.35703725296925987	0.0008952122485471847
5472	-5.799161930308593	0.3310698396898142	0.0008518590128064436
5473	-6.097353092010594	0.4228704457725707	0.0008565997729782586
5474	-6.408938463000704	0.6103996581729851	0.0008535427221401169
5475	-6.627568735915342	0.43110944605362045	0.0010602313307636628
5476	-5.039697911495325	0.24239447333446998	0.0008356070697508437
5477	-6.009826320090935	0.462042462822283	0.0008419156919952841
5478	-6.568819154162313	0.11914179062972806	0.001137216133249239
5479	-6.344691184461514	0.5893625047769536	0.0008358450391925778
5480	-6.743048895063407	0.1821207168623864	0.001200745696952026
5481	-5.202914175245709	0.05106135317658495	0.0012065818566119703
5482	-5.058793662829405	0.1343676035448154	0.0008041665696851134
5483	-5.854073381853698	0.15632180849469263	0.000981963975652676
5484	-5.02088778239127	0.4300479906383209	0.0010718883841960107
5485	-6.310982111434996	0.3513480261784432	0.0008921320475454663
5486	-5.223621220844764	0.4322673217443115	0.0010223488169457753
5487	-6.181870341913548	0.13085147919843043	0.0009585404215725615
5488	-6.625398150253261	0.05370243197855286	0.001445782782326449
5489	-6.915255423114662	0.6070326599490321	0.0014209900195787345
5490	-6.460111063918748	0.4839131114349257	0.0009465809647041637
5491	-6.753895771516757	0.38217893942792164	0.0010831095369593948
5492	-5.147917596246578	0.3938681276123538	0.0010214658201794329
5493	-4.810296531877994	0.051734161336654975	0.0009299380575338124
5494	-5.690695218941047	0.34823527400519033	0.0008368998031119389
5495	-6.310380472263575	0.43895403372442743	0.0009154052131444156
5496	-6.565552963107526	0.26192896583817504	0.0009245035712733641
5497	-6.919053628919849	0.5593824938729682	0.0014902667563951614
5498	-5.887582948403549	0.322183776762454	0.0008663297667214009
5499	-6.935681244815149	0.4186800964113297	0.001440355278102413
5500	-6.570391795177461	0.07463578513774748	0.0012950640681244948
5501	-5.4676651754628764	0.25913836460467965	0.0008570447971638257
5502	-6.325865435950089	0.12964640585521287	0.0009807191316694509
5503	-6.811103952016236	0.5023015054374429	0.0012626454184693592
5504	-5.630634064598941	0.17025541701425825	0.0010012583550980051
5505	-6.852343019153884	0.5321736638992621	0.0013303686219957923
5506	-6.194875383100074	0.4414585744982102	0.0008777508657657639
5507	-5.367910238203647	0.0038436250963268803	0.002061239115434489
5508	-6.213211877691962	0.46037455727566523	0.0008747776958881201
5509	-6.107285363592646	0.46536529397823984	0.0008514206478250284
5510	-6.035492228034554	0.3691359143396377	0.0008491733693055196
5511	-5.378532205994987	0.24603982128741606	0.0008428695200009824
5512	-6.8287832955767795	0.09916140569577081	0.0015199188873289695
5513	-6.841385162836111	0.21631046495759504	0.0013231383080479213
5514	-5.4092499655272075	0.23276311909594355	0.0008585717796964732
5515	-5.868918785400978	0.1673423917977853	0.0009728029978582738
5516	-6.18679967631936	0.08876137023583723	0.0011004471521281925
5517	-6.637711727790024	0.5309196013454136	0.0010199761651737364
5518	-6.464726786589621	0.5942483438529536	0.0008693450485645109
5519	-6.381238611366223	0.4061809874084838	0.0009409126608913313
5520	-6.183443900887335	0.4254843948796484	0.0008779727558894327
5521	-6.4030918225223195	0.6029247618920683	0.0008506633573777331
5522	-5.333757375334004	0.4977881172774853	0.0010117153376869809
5523	-5.874890125151684	0.43774766611845634	0.0008367238965172215
5524	-5.201398399151527	0.45192560862836784	0.0010346309810963933
5525	-4.997044090765656	0.317248651680519	0.0009593248878502721
5526	-5.685935218857272	0.21660707641970584	0.0009639660405387323
5527	-5.010642800040928	0.09971378127550153	0.0008292115263515617
5528	-5.711056595926242	0.4504939366940646	0.0008656048512729674
5529	-4.715385452416594	0.03817484719538868	0.0010282588719321055
5530	-5.766208146851932	0.006933531042219138	0.002036012541508416
5531	-5.722461632720008	0.3539451562982162	0.000834805057638368
5532	-6.121218684414998	0.10393188105861675	0.0010362577985553072
5533	-5.033267907485364	0.2661444063071126	0.0008655282651134766
5534	-6.177459618642634	0.36211715110322185	0.0008743195082806576
5535	-6.898359093898835	0.5660114036385502	0.0014215983542562286
5536	-5.68852438585418	0.16403148087874228	0.00100836117803594
5537	-5.663091664194241	0.1989576267461148	0.0009761966442723786
5538	-5.070665990515663	0.03428559571882715	0.0011632702861292775
5539	-4.976277592326717	0.1534669984779889	0.0007760413585094524
5540	-6.021461958987063	0.15858449609784087	0.0009378542282861371
5541	-6.488826016232635	0.04144639851015435	0.0014602341934966947
5542	-4.963243198949946	0.12660979631750163	0.0007810046194765994
5543	-5.740367378539773	0.11815254555497533	0.0010644116927785452
5544	-6.548725268476904	0.6339759710233557	0.0009035023922646028
5545	-5.517780990819514	0.3992737469838278	0.000878613688523545
5546	-5.010297060691081	0.21549946017704677	0.0008111343597008545
5547	-5.099201051452803	0.4070759823690394	0.001051036152563056
5548	-6.672339556088963	0.453080216497135	0.0011014263144132302
5549	-6.781578983241304	0.4148860550358023	0.0011586728368183446
5550	-6.7658173251726925	0.3946961718098305	0.001112114940048648
5551	-6.104039564812693	0.16365018507699255	0.0009178348973841754
5552	-6.223011879595827	0.34597169331330213	0.0008791718801526004
5553	-5.614785930850294	0.25572561831985907	0.0009033453802691395
5554	-5.910645151412403	0.12847091017865697	0.0009986340463184235
5555	-4.851420755591221	0.3174259364266092	0.0009931573363199957
5556	-5.40856937278762	0.27434667654829037	0.0008392284504754261
5557	-6.658295281001595	0.2625622610553774	0.0009869700431277247
5558	-6.851540956240914	0.06567614320886098	0.001723632316040108
5559	-6.431222067495212	0.14732891609423213	0.0009827823623702193
5560	-6.485981685061273	0.5608836891913227	0.0008882307410014752
5561	-5.694608874833731	0.36911449196217194	0.0008332302718222516
5562	-6.116585579550516	0.24621101377919977	0.0009003042861518227
5563	-5.851502757032489	0.42721862020169976	0.0008344253373185785
5564	-5.882567235375718	0.5813060495633859	0.000858090898296608
5565	-5.739348907038346	0.14482769378853608	0.0010202279368613488
5566	-4.794899350021603	0.08205433160622838	0.0008308652316477024
5567	-5.604779963631428	0.4608207401511863	0.0009019241034315051
5568	-6.026733892860907	0.046538918939923825	0.001407174713075218
5569	-5.767401310420217	0.29894202683052146	0.0008836120755482521
5570	-4.6367493308952605	0.06992582780140022	0.0009148715971085192
5571	-5.646876775756657	0.2169464339925207	0.0009553568356085955
5572	-6.329653963427829	0.12078162191738631	0.0010049756719659971
5573	-5.01432302758315	0.315228802402354	0.0009501397435212298
5574	-6.907287403755303	0.363234597500211	0.0013102360559553864
5575	-5.343782760175945	0.18112239645656353	0.0008846074847046319
5576	-5.955471362333043	0.2672911656984338	0.000923257243318179
5577	-5.994575149877203	0.25756438931201	0.0009239384134783561
5578	-6.150161578743243	0.16045908096969408	0.000914396022716134
5579	-6.256822861489232	0.5309585942952967	0.000836090663584013
5580	-5.227129963288824	0.2558340479491482	0.0008290645330814165
5581	-6.206712167138466	0.5818057951728266	0.0008187943152574385
5582	-4.705096017851554	0.21622400828801958	0.0008238013361751571
5583	-6.765213753760572	0.2136256378911791	0.0011841486265662515
5584	-4.637868417353431	0.16764996687326972	0.0007947440068977732
5585	-5.055115808484156	0.22028320343203028	0.0008138731831708972
5586	-6.528884017533245	0.32175911615497466	0.0009061077865464991
5587	-4.9983540073525035	0.2158624923094525	0.0008118801834504522
5588	-5.022757632767684	0.24278411095747993	0.0008380489596515213
5589	-6.128092298908712	0.39225508229026107	0.0008644709587915659
5590	-6.72228398247539	0.45351932712346826	0.0011438366939867403
5591	-6.033132437006601	0.3642880097268836	0.0008502876626658384
5592	-5.457268819852795	0.23114014220326495	0.0008755853844615533
5593	-4.595886657198118	0.20404951568011545	0.0008182394371600414
5594	-6.388634058629319	0.2949974634379986	0.0008738586576872831
5595	-5.637865570320668	0.09546987687433418	0.00116346033031064
5596	-6.7457439770024274	0.34476503512229906	0.001038976564558658
5597	-6.943820489098991	0.1446889955383881	0.0017405263406674466
5598	-5.217265664608621	0.3640751367629249	0.0009499889749997369
5599	-6.87203977407202	0.0897352186533633	0.0016614681713122302
5600	-5.3352225660369	0.5008018768575152	0.0010122478360422443
5601	-6.761122145012001	0.12987340522821006	0.0013200434947847994
5602	-5.435401387960966	0.22160964510091224	0.0008767304618844888
5603	-6.279256543105999	0.5934069340280999	0.0008261714525097928
5604	-6.879102103272121	0.5540091091041622	0.0013794902082008868
5605	-6.041796586408196	0.392857458644019	0.0008462542548414065
5606	-5.880399609066752	0.4551969451587729	0.0008415764752394739
5607	-6.097529187035138	0.050449808982692704	0.0013611680774100374
5608	-4.736767442879562	0.16966680831007197	0.0007842985090952865
5609	-6.069141920867328	0.15325757679707983	0.0009328694080054408
5610	-4.871392921105356	0.13925043302332002	0.0007676450538445892
5611	-5.133479353368139	0.2030532892558382	0.0008087565570606245
5612	-5.341404031079214	0.37678923368578826	0.0009147598839948183
5613	-5.545777186755973	0.3606848254208947	0.0008464079235578308
5614	-6.240832661365375	0.5068878884904294	0.0008493203163039931
5615	-5.7451579070682195	0.053739043317374696	0.0013813906683623374
5616	-5.743186349693857	0.2345800010178575	0.0009559674240021523
5617	-6.020944647313854	0.4563878336751731	0.000842944188506395
5618	-4.832456993434185	0.19335887964435278	0.000795629607247761
5619	-5.588178828050188	0.3812545371804173	0.000849184085250172
5620	-5.558097408591627	0.4188911411542883	0.0008837525566152704
5621	-6.179365255454101	0.5845833294967234	0.0008182399297304566
5622	-6.9642445129258	0.3842777770252862	0.0014873007531044898
5623	-5.853044716149695	0.3394378271093489	0.0008479754646052064
5624	-6.7759774852937555	0.29193726500609235	0.0010889350869865723
5625	-5.226632306386517	0.3704043384719772	0.0009551062445849231
5626	-5.326047763940352	0.2576357336973998	0.0008321150017073162
5627	-6.656788954318118	0.34339817526724553	0.0009709995672091632
5628	-4.902860985265306	0.06279812951425488	0.0008907146825535932
5629	-6.094118764988664	0.26727647081166606	0.0009003793449569817
5630	-5.1648560254955	0.45553317044470265	0.0010420328641294447
5631	-4.9668373211717345	0.05112791180084697	0.0009661206400378592
5632	-6.273958046805769	0.1949847797389715	0.000885331905695543
5633	-5.556697059002387	0.15663616634898525	0.0010106196310369078
5634	-5.194077416402479	0.29975388288747185	0.000868680109796535
5635	-6.366554573727482	0.5260678763623746	0.0008645545201200537
5636	-5.6036139362590935	0.46938444043117666	0.000907848228884271
5637	-5.10818614740385	0.10384959068041497	0.0008761128293544654
5638	-5.4099463529965846	0.011696922844297658	0.001953135287192401
5639	-5.894949048563388	0.35130374374092194	0.0008420640467657823
5640	-6.133738789194981	0.07460984563554174	0.0011766417867027726
5641	-6.800214978826967	0.14080830656369286	0.0013638101329674017
5642	-5.8236742242734	0.13482098862420594	0.0010110021063247457
5643	-5.0633293074588535	0.26037833326679943	0.0008525226723606998
5644	-6.394844719590873	0.010265649815958773	0.0017832355344887456
5645	-5.657217000401167	0.40532546033592076	0.0008494033136775582
5646	-5.812419528532031	0.3491122903067334	0.0008388520167945552
5647	-5.860200454561378	0.508513557238943	0.000853663005392712
5648	-5.104406206458964	0.07511303158792168	0.0009619262807095533
5649	-5.949049525362169	0.519886886204012	0.0008390956032563123
5650	-6.107626158261689	0.35144962805777213	0.0008646867406507593
5651	-5.7422729190303965	0.34974305351193624	0.0008365811170316829
5652	-6.072304573056478	0.5479467255306023	0.0008225120005992497
5653	-5.981438580266135	0.0696837209579801	0.001218359056053233
5654	-6.527716079952052	0.05439028364723244	0.0013824333352378982
5655	-6.459383446879505	0.557228130725939	0.0008780066048179418
5656	-6.306034747055948	0.5117466788402143	0.0008593155908860635
5657	-5.203104076870608	0.1935437721510687	0.0008226938305488336
5658	-6.297078654256229	0.15451809595554994	0.0009257844897836728
5659	-6.525909181696629	0.12113177701884921	0.0011004469576523976
5660	-6.183884468166298	0.049400297848385	0.0013618041436251
5661	-6.469725434127086	0.015680573283654034	0.0017143018807350854
5662	-4.9488882377480365	0.006412574437378804	0.0013075417211908787
5663	-6.0513220923892845	0.5854003649805636	0.0008248278954360422
5664	-6.519668269742642	0.46504096520415233	0.000996821831505346
5665	-6.561186032125142	0.17743435573847055	0.0010137089328704082
5666	-4.850372661961217	0.053605183525039055	0.000920418662996345
5667	-6.029241965912514	0.19712834970195534	0.0009248207905484248
5668	-6.039175637610196	0.0024540262780709445	0.0020680284139669163
5669	-4.831879162198549	0.3092973487789912	0.0009789402253081488
5670	-5.575836639463037	0.3150016484588584	0.0008458557524063434
5671	-5.813898911291029	0.3453649566493788	0.0008413578768986231
5672	-5.317974595486759	0.03826144430672571	0.0014770744550842525
5673	-6.593122396280176	0.1100796986843447	0.0011815705007392236
5674	-6.394594568198752	0.41383834241835693	0.0009483221746625556
5675	-4.792649593927157	0.08822168788981827	0.0008179708637192226
5676	-6.167358186827363	0.025797632478300227	0.001621098583730751
5677	-5.535215929647621	0.31681187097152197	0.0008424954582885282
5678	-6.010385730657168	0.15294798555573336	0.0009448245434771071
5679	-4.577220380501296	0.10006656472645056	0.0008572326088222622
5680	-6.258345124549151	0.22300567519902853	0.0008772993783238333
5681	-5.164937256629177	0.030843135293350907	0.0013252618682600113
5682	-5.756942915050792	0.3508905341558194	0.0008362557239540062
5683	-6.234346103289185	0.1644153260267554	0.000906967056762494
5684	-5.147701688642066	0.21491208269125137	0.0008130908291627112
5685	-4.946227318249567	0.20839070342665544	0.0008064625652906878
5686	-6.2290361513525	0.19645297744879675	0.0008856796706611623
5687	-6.205275021681488	0.4379628139606315	0.0008816726301906615
5688	-5.016664363219913	0.3616858901806265	0.0010311949267728879
5689	-4.913300357265751	0.25246215389223803	0.0008646416659273942
5690	-5.794378264399885	0.1179769870370398	0.0010493418547580804
5691	-5.468839269328823	0.4712091131071545	0.0009567079754805715
5692	-6.422277795360671	0.025582077487784266	0.001593983199439503
5693	-6.342325570288853	0.2769137893522064	0.0008701306966335347
5694	-5.386712720217999	0.16101785476149102	0.0009371780684299322
5695	-6.72727702986873	0.24922945744566471	0.0010756822312299754
5696	-5.528286278896726	0.43406334501103	0.0009065741426291361
5697	-6.477088396195334	0.033239063791656046	0.001527642916645041
5698	-5.692684376534289	0.3795053932028286	0.0008342909714260115
5699	-5.739259346656155	0.45413571338143155	0.000861361740702263
5700	-5.983103741084393	0.2346215979255362	0.000935434524849285
5701	-5.519491740272086	0.540721787290672	0.0009755397971735974
5702	-6.235515623228043	0.24663639798541015	0.0008775676167627406
5703	-6.687044973678668	0.2747721342363162	0.0010011857514133026
5704	-4.833821879868089	0.18629152432626345	0.0007892869302894919
5705	-6.2839977371383835	0.5054666976964279	0.0008591831505904238
5706	-5.504736030282836	0.32525901422059117	0.0008413037098390875
5707	-5.531772490409009	0.2657532213745343	0.0008692895791218138
5708	-5.134425986457231	0.08067875340060682	0.0009672895696992683
5709	-6.553529449557794	0.12911749212141688	0.0011002016987017482
5710	-6.661990623358996	0.10655615431520626	0.0012534042158964468
5711	-5.620547824397512	0.47015007981423423	0.0009028108343185408
5712	-6.749584788657977	0.405681870670093	0.0011133666903675149
5713	-6.4426377616899595	0.5341160272401647	0.0008865325393343939
5714	-5.139860964546505	0.18280182808113954	0.000809335563212375
5715	-6.187595854400878	0.35177404584958216	0.0008753679017139989
5716	-5.66760986233167	0.2724731161578704	0.0008983255367639158
5717	-5.52615593830386	0.4061915439127446	0.0008822707459062125
5718	-6.6318654728123345	0.12589202142210643	0.0011743734496854783
5719	-6.739963885755354	0.37277529464376635	0.0010586237237759485
5720	-6.368541168058955	0.3857769032541898	0.0009257739737117346
5721	-5.966175728087922	0.35822090275565077	0.000844389242048469
5722	-5.065706344747598	0.09895114525408572	0.0008598205631876037
5723	-6.443169113900077	0.3196150997854699	0.0008882687766901615
5724	-5.9028207290501165	0.08472243224114899	0.0011398924751055666
5725	-4.988129759387421	0.10089183767283191	0.0008178314659070218
5726	-5.570470973754475	0.14924257572398852	0.0010260465003254973
5727	-6.125832317107635	0.45421059348299053	0.0008578208774114138
5728	-6.653332010131625	0.35444001086479027	0.0009790812770368936
5729	-5.051166683275878	0.3668396757128105	0.0010262274480268643
5730	-5.755519260765409	0.35720854120205253	0.0008335561908867829
5731	-6.692319788535121	0.17980532727960996	0.0011373188014499238
5732	-4.9884522516173355	0.03122926274916274	0.0011046439250564147
5733	-5.522746185678643	0.3093430489457323	0.0008434352540208377
5734	-5.773681995705652	0.2394879101567174	0.000954373408273069
5735	-5.486107989653306	0.30159904651380276	0.0008422296191776975
5736	-6.532295360856582	0.3784809865127849	0.000962813300829415
5737	-5.4876129704697085	0.07009863211504233	0.0013139430785639274
5738	-6.9271549231376675	0.08487476287903259	0.0018700873182809193
5739	-6.240318147912133	0.23831635422831854	0.0008774465720414782
5740	-6.292203035274932	0.2185152213555459	0.0008770198502285533
5741	-6.935082817095266	0.23809387952734465	0.001551404806719238
5742	-6.630398364502316	0.15807289260046503	0.0011069370902333298
5743	-6.168305356475009	0.5062654721005679	0.0008397641913278506
5744	-4.898832093319121	0.2775559614078619	0.0009080505833832936
5745	-5.08266589515999	0.3878846176761175	0.0010409057828486266
5746	-5.257926264853832	0.15936485430708025	0.0008718318372046315
5747	-6.790296465072071	0.39426898970386154	0.001137468006758842
5748	-6.273464843370881	0.5964996335447016	0.0008261271545965105
5749	-5.954598498260188	0.23639520685189194	0.0009413802941658406
5750	-5.233842819558194	0.468224478751089	0.0010282714749958563
5751	-5.639222517101945	0.45721108924316883	0.0008888679030333361
5752	-6.471798190662616	0.5366250365545455	0.000898066967576719
5753	-5.365612064027778	0.4307860304068269	0.000965727426583989
5754	-5.185090780599145	0.16831859628012388	0.0008296096072668083
5755	-5.885450033572062	0.01603238741613978	0.0018409727328808204
5756	-5.871327595297911	0.5828397449599569	0.0008619102193897772
5757	-4.916429367244391	0.17984903855441087	0.0007823891353633979
5758	-5.0293578808906405	0.366819624575345	0.0010342754902516052
5759	-6.489951140564888	0.36918625780155767	0.0009404712424178321
5760	-6.478633325778177	0.4759300768183659	0.0009645067648277225
5761	-5.251129632333445	0.33788588480304815	0.0008983473663744587
5762	-5.1009981371819855	0.4522712350574125	0.0010521906175301775
5763	-6.585854984298551	0.2618624912328417	0.0009357514858187528
5764	-6.656050605124194	0.0925404121543789	0.0012911976198528355
5765	-5.934616053163415	0.10995153967183796	0.0010364915513960586
5766	-5.750020778265353	0.372265452386571	0.000830191867264137
5767	-6.638266920472721	0.5108632844747919	0.0010416367199002454
5768	-6.780978966147749	0.4744801956544166	0.0012174512475959455
5769	-6.242077405952151	0.35741122298220424	0.0008843648480841052
5770	-4.6601298119994645	0.07437943016682022	0.0008900187963427256
5771	-5.073742965204015	0.04666887937745696	0.0010776644116993882
5772	-6.416829569939344	0.31223822900672893	0.0008815644938370572
5773	-5.7951272483945315	0.33670415435745377	0.0008468448130951252
5774	-6.8561298137501705	0.4664056733915819	0.0013301429495866982
5775	-4.9576388957651325	0.20254372128848774	0.0008005967059613778
5776	-6.700202552417304	0.41215997401321275	0.0010842323046769539
5777	-6.467767988703475	0.3970901791700575	0.0009636097149015784
5778	-6.344664565869831	0.5915807506191764	0.0008360320710304644
5779	-5.230092507496044	0.37020546928246434	0.0009532556545326203
5780	-6.546961824668877	0.10922880412850716	0.0011491259177483799
5781	-6.141790165120734	0.5145359516186787	0.0008333456843426102
5782	-6.80448524876364	0.5658853881621738	0.0012046345059105769
5783	-5.854724914651723	0.43506981335054185	0.0008368667316998157
5784	-5.54238507781765	0.1038822842915992	0.0011447700934890666
5785	-6.477177140929068	0.10459185983494451	0.0011195919741649677
5786	-6.312321865517204	0.5131629128776014	0.0008597304574535252
5787	-5.647385596594849	0.49569585036364383	0.0009073492275257463
5788	-5.485756143085803	0.14153621208267742	0.0010230021056481695
5789	-6.356976758938068	0.368542062076356	0.0009109352274447903
5790	-5.289451424367815	0.032049857229404496	0.0015077305946665112
5791	-6.752798578827644	0.360971714734142	0.0010577098732404834
5792	-4.760486138734508	0.30109314951458066	0.000967327259539289
5793	-5.764282058296672	0.19169847331589482	0.0009847450715443349
5794	-5.5939759302226975	0.2227833221826479	0.000933581283740125
5795	-5.897871779681842	0.47308988891948855	0.0008441937295220703
5796	-5.0420242257816	0.08420556103870681	0.000883088680275747
5797	-5.102968198795578	0.39020894791555827	0.001035639128081981
5798	-5.771233448663071	0.43951505361563237	0.0008478439600269396
5799	-5.1372364952547676	0.28828862879892014	0.0008700330202827359
5800	-5.312717225695973	0.047126678933743366	0.0013827748114469069
5801	-6.159288218287989	0.44005156839050474	0.0008688603663127279
5802	-4.903940796096118	0.11539786995149678	0.0007798228929809905
5803	-6.714166890692037	0.3991655129715234	0.0010752181837405809
5804	-6.0548308266480975	0.297370622505805	0.0008899729751092868
5805	-5.974244925012876	0.2948535749950488	0.0008966545794143304
5806	-6.129428338701522	0.10826327091248228	0.0010208523848474562
5807	-6.740244453507818	0.6347032545719854	0.0010409089477850999
5808	-6.487747535174347	0.2364712580366259	0.0009059368670253872
5809	-5.9082684156465675	0.48376719086747344	0.0008445754163127849
5810	-6.5355916823748474	0.26427833879221674	0.0009090518209087049
5811	-6.548079512410425	0.4466399772705152	0.001020546290425926
5812	-5.5510569414026065	0.1565896225504084	0.0010095446408403313
5813	-4.7734840489907056	0.07642858172084696	0.0008484538108204957
5814	-5.711657709539323	0.12465695460110449	0.0010583358943053052
5815	-5.758500850341908	0.04387410470338211	0.0014728347008403871
5816	-4.812635452386759	0.06836885800654889	0.0008661338457679766
5817	-4.962877449678309	0.37626795684130177	0.0010670038066037842
5818	-4.740758606653424	0.15582630307502282	0.000778900189021827
5819	-6.969192881324711	0.12218144080965004	0.0019036292066745165
5820	-6.214935478348087	0.5225461673937225	0.0008353547473148693
5821	-5.22984244295847	0.08703107787993591	0.0010343337288477178
5822	-6.520924958815371	0.32009188180603554	0.000903191172906818
5823	-5.056516434074566	0.07102559394572844	0.0009381653322202923
5824	-5.857658453150304	0.35755603005009645	0.0008360698546242353
5825	-6.8239357196109545	0.2720628674400903	0.0011947571510620694
5826	-6.662422412103745	0.12457640259442566	0.0012077082361438443
5827	-6.631403644136255	0.19238731730151684	0.0010517894001339067
5828	-6.52484293203284	0.56541096444409	0.0009060640661510023
5829	-4.895797273118734	0.24508786875229302	0.0008553726939763346
5830	-6.359294160666714	0.40393042869570106	0.0009327061917994545
5831	-4.966782226995627	0.07781674607739972	0.0008621410651943569
5832	-6.064944690113147	0.4416217877667673	0.0008492265690669583
5833	-4.879155272167878	0.2721421126957007	0.0009009227921180781
5834	-6.335207192574999	0.5667824214952285	0.0008354577907560233
5835	-6.972260267658109	0.5036136922313884	0.0016784923668938473
5836	-5.78870037459415	0.5616475514023114	0.0008814703033668169
5837	-5.651804074885012	0.04884577620479761	0.0014562498803068673
5838	-5.506610981597792	0.46647279474250364	0.0009397863048368075
5839	-6.04815204863389	0.06899669858172577	0.001217559350711519
5840	-5.374723950529791	0.2682176476303103	0.0008362115021049179
5841	-6.731130332452104	0.5836276149325159	0.0010729146658034064
5842	-6.71076271049792	0.31412697220941993	0.001000578781452939
5843	-5.269924785835396	0.2815493554207248	0.0008388260751071084
5844	-5.454960060629841	0.1766595140172958	0.000942041015738282
5845	-5.994260173188317	0.45655074472847795	0.0008410816163953332
5846	-5.415829075598143	0.1878551542619416	0.0009078881478634704
5847	-5.940196737506015	0.198224943373297	0.0009497621076335847
5848	-5.771770687266094	0.44612572412870655	0.0008510381954312968
5849	-6.083274211961538	0.4943176119668637	0.0008391109393452367
5850	-5.2143322506414185	0.1861552839578236	0.0008290634269506537
5851	-6.3520247373384775	0.48347432999684414	0.0008993518014864319
5852	-5.466790678584376	0.016729994592459163	0.0018968695012526878
5853	-6.480794473763964	0.15086061598783151	0.0010031833917395906
5854	-6.047902796530399	0.15598012381110093	0.000934304572572493
5855	-5.344657574034079	0.4560640110989835	0.0009925139991440646
5856	-5.054328084089881	0.1919885712559154	0.0007964982871455059
5857	-6.288213644606607	0.5868856000259992	0.0008263992941689238
5858	-6.184737121006954	0.24725504843102863	0.0008856783445955595
5859	-5.454496409165712	0.39930746281023954	0.000898698308229319
5860	-6.458422230202471	0.11562341529163722	0.0010741475854801697
5861	-5.686181066169667	0.1018345908393007	0.0011262840303269317
5862	-6.149914143838597	0.09885443214074134	0.0010553295795978114
5863	-4.9456628466680215	0.16437420663457758	0.000775140137169595
5864	-6.768106860431425	0.15991088738687936	0.0012754629184964178
5865	-5.163383009044366	0.42103355776973517	0.0010373241349810195
5866	-5.858316198392936	0.5661541753993887	0.0008607565036361247
5867	-5.404391615831908	0.44351463566555355	0.0009611625270038565
5868	-4.926221392994393	0.2971013723554239	0.0009395183786888044
5869	-6.014124336929708	0.5910651334792072	0.0008313795066508735
5870	-5.556458582533552	0.1650440126854371	0.0009965843410417437
5871	-6.827805571389222	0.57968419989567	0.0012350192457108557
5872	-4.747441826340922	0.33073253096879285	0.0010312926743695477
5873	-6.044704911892145	0.4748997303560496	0.0008425155172926115
5874	-5.81029710664509	0.40500260218789763	0.0008300429785931624
5875	-5.761450868912021	0.43581209702533846	0.0008475314888645424
5876	-5.365806853237752	0.22269980816968474	0.0008526023489431844
5877	-5.670930517948724	0.40060243204162693	0.0008444026451470527
5878	-6.6337305331813035	0.08295437751963275	0.0013064217187175441
5879	-5.622916528929415	0.2545285035839126	0.0009070684802137227
5880	-5.080578831225404	0.3302812104869132	0.0009534223806343346
5881	-5.877196749923361	0.11193820384319333	0.0010426933065534369
5882	-6.701252749275247	0.23875293041015824	0.0010588496355005933
5883	-6.474908731581771	0.19457608104259871	0.0009362233119594486
5884	-6.1912169533623835	0.1481395519818361	0.0009270832640996074
5885	-5.393109380810507	0.17634412870305868	0.0009143466878087274
5886	-5.114109691545857	0.34564042692629005	0.0009661499493141578
5887	-5.442478700136147	0.11451295577629413	0.001084685027125399
5888	-4.921048844093605	0.32194090101850303	0.0009891081539301408
5889	-6.473213038968895	0.03151223796956712	0.0015428499719519777
5890	-6.275195042645748	0.3527731409312893	0.0008877783151490103
5891	-4.9030502196078665	0.08484145459212569	0.000825783001661675
5892	-6.283102136935071	0.32716163965996503	0.000879349175827297
5893	-4.9708478595857555	0.04788089961935703	0.000985349325322767
5894	-5.148793220585175	0.3028493346654701	0.0008856111758922833
5895	-6.2530887967696085	0.5183355187451876	0.0008434001466556521
5896	-6.925201323549273	0.5900120293705619	0.0014775301186941681
5897	-5.758585626469076	0.12117972340760777	0.001052590864217653
5898	-5.688695955366048	0.2916981364987409	0.0008806106171431828
5899	-5.297545311010156	0.3013604078584739	0.0008479609537927362
5900	-5.143628042274082	0.018618517422325273	0.0014239510996117582
5901	-6.796752472051744	0.669736668068403	0.0010875378863055979
5902	-6.235934787522529	0.500538481721269	0.0008530428234398482
5903	-6.761472720628379	0.6112912706375163	0.0010877404802222771
5904	-6.48908134142632	0.2920475655734756	0.0008878266163210183
5905	-6.725746898361686	0.1512053076455327	0.001228639350589615
5906	-5.434240886800016	0.2585638339207592	0.0008493079993451509
5907	-6.356461247870458	0.1384674772978778	0.0009699563807098233
5908	-6.437328598446992	0.08650472517102592	0.0011692668766027
5909	-6.281532921999075	0.24176666359706392	0.0008734487406603202
5910	-5.463998175087274	0.3065953487052225	0.0008404095472186828
5911	-6.989987452611696	0.4886833167803507	0.0017326420816827347
5912	-6.0903474058685765	0.5498222919211968	0.0008212062931080046
5913	-6.572354747912534	0.6207480982195542	0.0009149302201813768
5914	-6.3705208705340715	0.5753665700636071	0.0008420257313269274
5915	-6.246729531699596	0.0370485327224719	0.001474612634046364
5916	-4.930647320891801	0.2452223395178115	0.0008521312307461798
5917	-6.274639447308633	0.5696962786594454	0.0008248241151554967
5918	-6.212225720196309	0.37829907458430284	0.0008834236764163188
5919	-5.3738561752731115	0.1249571240800536	0.0010150375062086485
5920	-6.86038662545722	0.07690542343627965	0.0016864193199443139
5921	-6.583553949989292	0.34932244411153707	0.0009439876686417174
5922	-6.225625375790601	0.47215613586015404	0.0008709388445095225
5923	-6.067871249846221	0.29471776545273365	0.0008906566513859724
5924	-6.431496704536245	0.5574300525686328	0.0008665753137531212
5925	-5.422371736385945	0.44991600763614775	0.0009592576156676016
5926	-5.216186949922477	0.10221080136602229	0.0009656376616553976
5927	-5.723673457203004	0.3414807293592581	0.0008404363518174778
5928	-6.324686523860886	0.1531498453108337	0.0009335895986065871
5929	-6.7851541795120145	0.2797271686326399	0.0011163620781723855
5930	-4.893300605952266	0.2506106242163262	0.0008638824691017315
5931	-5.241675072536444	0.45184627243622005	0.0010240740810273812
5932	-6.715259374600657	0.08535120422966669	0.0013801902612683688
5933	-5.611125019707846	0.1841463642141475	0.0009822734942385085
5934	-6.987686466097215	0.3286573165195845	0.0015982382010400807
5935	-5.643962275467808	0.3156456704664082	0.000852013913149343
5936	-6.0598028804620645	0.4644307098630408	0.0008457170559627921
5937	-6.23936308436962	0.10426814302059348	0.001039710061415752
5938	-6.160639784036661	0.2205875004772471	0.0008915002217060572
5939	-5.24159896605752	0.07003441439654788	0.001130762950441652
5940	-5.425233573493668	0.5494353069934307	0.001012468476942355
5941	-5.963753281206342	0.18475636315223082	0.000943688445933109
5942	-5.407096816328195	0.23450755748931246	0.0008566849027369908
5943	-5.642026438944356	0.5714117623921321	0.000943541089693818
5944	-6.552497257388828	0.21407550847818108	0.000959551282928094
5945	-5.285545549810155	0.23139349326354508	0.0008299804437930531
5946	-6.331892531041704	0.5940727607993894	0.000833968663554405
5947	-6.165751890620713	0.39778982321567086	0.0008739118962073983
5948	-6.36840107419166	0.47731701634909496	0.000911416140222342
5949	-4.802005894572835	0.09422609753142384	0.000805858942148277
5950	-6.825321704421538	0.1538619067159353	0.0013891519710614532
5951	-5.221886321134249	0.280474638603861	0.0008442621297261695
5952	-6.727672433696942	0.25173982740950046	0.0010727144196533858
5953	-6.107997790188078	0.10667812679234426	0.0010270081460247776
5954	-5.879811030174151	0.5333520469643708	0.0008509423667017733
5955	-5.601244579828693	0.4998971929159111	0.0009250833753744406
5956	-5.40866475901648	0.31872604763798407	0.0008443910061605412
5957	-6.095540506871366	0.34657216954395315	0.0008645945681503405
5958	-6.3154918416677095	0.44564717133611764	0.0009144714891227333
5959	-6.5250190440366	0.4798048452889193	0.0009878003447504064
5960	-6.654031069353512	0.16703902213791377	0.001115274241924278
5961	-6.439447810999513	0.4604862039184747	0.0009574362422583503
5962	-6.51206117392249	0.3228436734814526	0.0009025578168365583
5963	-5.210815755561235	0.04920079641215855	0.001231309072582682
5964	-6.132546520751908	0.5459383492404875	0.0008210294108206762
5965	-5.723906706052757	0.1410214092584348	0.0010283592244355216
5966	-4.8267985469345716	0.03892835332172382	0.000994815537014342
5967	-5.18473249470018	0.41978382300712697	0.0010291213012067698
5968	-5.041741663957686	0.1121114702162386	0.0008223895852166443
5969	-6.39818182705544	0.45720385689797216	0.0009407434684169157
5970	-6.13063694082282	0.22231687053375332	0.000898126498538748
5971	-5.861274266887516	0.3993015663301682	0.0008279621010926319
5972	-6.073366249537634	0.10964719546754587	0.0010192805847341248
5973	-6.895631910635641	0.5373902764351521	0.0014344933786018216
5974	-5.739624045037229	0.35097165437495403	0.0008359944142933529
5975	-4.953908953489802	0.1747719584824306	0.0007803081661032988
5976	-6.634882327200355	0.2822607370757638	0.0009533316086823131
5977	-6.340118650911623	0.56825623736765	0.0008361911137848853
5978	-4.8398935750911285	0.2655762947013066	0.0008929729012363063
5979	-5.338930483489876	0.2145600465688709	0.0008500920102956539
5980	-5.978804387309896	0.06433794090467163	0.0012565339250164157
5981	-4.8116863416038	0.2136494557189738	0.0008179188937186186
5982	-6.164607574098784	0.48554317044683576	0.0008510565938706219
5983	-4.780510607445175	0.05432401548981476	0.0009231801837910348
5984	-4.704258682755485	0.011935576354232057	0.0012456061053625817
5985	-6.039922594764263	0.5060366527715453	0.0008347255705005534
5986	-5.474237567341835	0.3430461428725519	0.0008482043951899414
5987	-6.386346284084116	0.37807981665925494	0.0009247132884683351
5988	-6.346041826566206	0.19303187528223506	0.0008939122205167266
5989	-5.550559843645338	0.1717426650532341	0.0009846583479734567
5990	-6.496354598850241	0.4983095463369834	0.000950869776339286
5991	-5.457048577236226	0.029831394121662788	0.0016953431818725131
5992	-4.707630916502187	0.01627730223284763	0.0012007031832898516
5993	-6.41518068968576	0.5805066498859482	0.0008538064018224992
5994	-6.853849949470077	0.450648102727016	0.0013089046929183282
5995	-5.648644158332001	0.24458438131079221	0.0009257454827587528
5996	-6.7737902896240305	0.20379835459297616	0.0012137114222752934
5997	-6.656306884815978	0.30004977591302384	0.0009603348082913494
5998	-4.883971612117946	0.07372765079061797	0.0008513176006537659
5999	-5.836342122287265	0.2938905962181592	0.0008963298262697038
6000	-6.136747550771658	0.31717769654920625	0.0008767101189335457
6001	-5.742904679222992	0.2302878913668004	0.0009598447806832112
6002	-5.082801817812157	0.141607401008288	0.0008078777778054772
