id	mu	w	weights
11006	-6.690822559200023	0.8015915982496193	0.0009446524710016673
11007	-6.871204811430191	1.1393199344014706	0.0010935467685403851
11008	-6.320467787467725	0.23117820387122	0.0008460319326767975
11009	-6.149980377437705	1.1674999676472093	0.0010314758522765946
11010	-6.246212311709024	0.7238171572145369	0.000843693399151383
11011	-5.840279670614806	0.15164050757177655	0.0012414610986995528
11012	-6.798305229282823	0.2650556867703111	0.0009290587539173032
11013	-6.157610183835351	0.10085139520723502	0.0011777554419042475
11014	-5.7972017472686375	0.4726887819917752	0.0008904304253918955
11015	-6.619855067470699	0.8183450852546594	0.0009374569320406339
11016	-6.480010162500895	0.07863106051975564	0.0011361572376981867
11017	-6.710599365272579	0.8030018923245557	0.0009504506484567648
11018	-6.645993127838509	0.9049874756495456	0.0009811582742123483
11019	-6.7544301338040755	1.3352751226652828	0.0009013679063617727
11020	-5.600756157084763	0.1506449711984008	0.0009438823844189744
11021	-6.653034328044467	0.672719980221058	0.0008344857224425097
11022	-5.932775953884382	0.2882972898461211	0.0010504230973896408
11023	-5.7742390156159376	0.6228139467177134	0.001016478449431086
11024	-5.676138390487984	0.396387180705203	0.0008374020066696171
11025	-6.155062565928072	0.13020820522547538	0.0011101373361225423
11026	-5.987088223727343	0.42632197978591985	0.000914126159721928
11027	-6.644253119524094	0.3423680643085455	0.0007183686911810679
11028	-6.342672366544601	1.3166708208877735	0.0008775071840971533
11029	-5.82767351271439	1.008842166138508	0.0012982243438365263
11030	-6.320878989938614	0.19387943970457414	0.0008776104626560466
11031	-6.069957203000086	0.4457641218364271	0.0008805218340317909
11032	-6.813554508092863	1.1528370073672993	0.0010000431337255596
11033	-5.8329001761141095	0.07552807972744714	0.0015609261027966046
11034	-6.476976490845988	0.26419664956234723	0.0007712480072296988
11035	-6.582235280817777	0.37927915692044956	0.0007103989941115589
11036	-6.317929876471293	0.5398756567327395	0.0008001918783915182
11037	-5.752989227917075	0.8757448642728166	0.0012257630167244677
11038	-6.414852651953126	0.6541630483551919	0.0008280109063556616
11039	-6.331769895518551	0.3840883088523399	0.0007969388496136467
11040	-6.728958920174094	0.39406093331107844	0.000722443534201321
11041	-5.448127902251985	0.11677461946517731	0.0009674702516813521
11042	-6.827757267379752	1.901974999119563	0.0018193540286002027
11043	-6.616796943465931	0.12445866717270382	0.0010465767926427212
11044	-6.598325427147912	0.33078873917942714	0.0007207810553087315
11045	-5.482557066945093	0.19768905103652082	0.0008388831742477011
11046	-6.746213500753855	0.9451936848526752	0.001036226970117418
11047	-6.051668189377542	1.2950937466747066	0.0012875001831100592
11048	-6.58067333460283	1.2987492924023316	0.0008438426229334686
11049	-5.978472807499486	0.7211623857967329	0.0009538987873414727
11050	-6.878346675493432	1.7023788070374812	0.001377327708597111
11051	-6.062587262619552	0.4565896794008696	0.0008751921541926331
11052	-6.9109957668441675	1.2782663050091572	0.0012008553648112743
11053	-5.662439340045736	0.6056736384120835	0.0010401934711805644
11054	-6.708025962165485	1.6245179157970893	0.0009769709391902052
11055	-5.53348102122487	0.05262683277498604	0.0012199585547579448
11056	-6.779650694842672	1.9830849809839657	0.0025049825097290994
11057	-6.5695680701968735	0.45027048534302355	0.0007224237706769714
11058	-5.830377079219638	0.7026438925866167	0.0010621274746670164
11059	-6.560245140917101	0.6512861648927049	0.0008310954754310314
11060	-6.100115051682282	0.18555555129132872	0.0010871372554435784
11061	-6.949455513109393	0.9758564965165801	0.0013593977192427103
11062	-5.849755545484952	0.46002090328828327	0.0008940746869855777
11063	-6.029455663714656	0.9622538521872506	0.0010984987368622848
11064	-5.399955284329687	0.2543189219102233	0.0008069527545077039
11065	-6.9318525763270005	0.7709382523811402	0.001165455672224706
11066	-6.235318274913122	0.8818619816403327	0.0009291499641253513
11067	-6.388514256932812	0.035450912913311906	0.0013025015664485174
11068	-5.650028220533553	0.41209291901429845	0.0008397373024998958
11069	-6.567753312441864	0.41260840447410224	0.0007151089739581127
11070	-6.640016126581718	0.8499483913315051	0.0009601154651661182
11071	-5.858108737018217	0.39638044157782026	0.0009168561308432548
11072	-6.826048682677805	0.7613248544194808	0.0009641990779403716
11073	-6.001768901496431	0.5741178326489376	0.0008536647836582518
11074	-6.860030185684835	0.5218389820906559	0.000820097334285027
11075	-6.404875790260155	0.5089424609143016	0.0007880056654990255
11076	-6.509456908328464	0.9929634283983446	0.0009224328112057666
11077	-6.464094256771462	0.585457871505392	0.0008057622427339892
11078	-6.776782883827964	0.8947229170338582	0.001042442924363523
11079	-5.943523227275259	0.9136305242545721	0.001140982241068031
11080	-6.361027170833534	0.8775234600743589	0.0009032966224393628
11081	-6.595859858515624	1.3783347650135327	0.0008297568086009721
11082	-6.908848375816586	0.3374146445339658	0.0010965345543104616
11083	-6.126610870797732	0.855021633925718	0.0009616930761710803
11084	-5.783798935829868	0.9585981526249245	0.0012738420840352812
11085	-6.421276688044558	0.0121816875016778	0.0014664662302588576
11086	-6.6709905632097595	1.76617780003374	0.0012186431014573585
11087	-6.506283945673758	0.24344533995785872	0.000783030545979924
11088	-6.837062007286081	1.356410484886249	0.0010227922864307047
11089	-5.115388644734963	0.30895277682916306	0.001129091999481798
11090	-6.310670410153947	0.4959326268212795	0.0007993729689003628
11091	-6.44012866878317	0.6134473738069158	0.0008162724075165713
11092	-6.313319917989545	0.24802251048463256	0.0008394361805265572
11093	-5.2386473425827305	0.15069333295153164	0.0008969659764700248
11094	-5.119402199066468	0.4217433551795543	0.0013751375334007294
11095	-6.824494747484522	1.0872333308940818	0.0010476446109368293
11096	-6.792037339680088	1.7755870518145476	0.0012973389386588075
11097	-6.867995100403816	0.49006711968973016	0.0008388456353213509
11098	-6.064041583483885	0.46594740987218203	0.0008686861594593423
11099	-6.607157914177446	0.8800662381529906	0.0009579393598035883
11100	-6.199167419907013	0.7134472398729336	0.0008425096821380858
11101	-6.526195549596317	0.8077859174832892	0.0009042435699378797
11102	-6.555173110956038	0.5538551630184243	0.0007739846719912335
11103	-5.35586255870351	0.720070373180232	0.0015986913601315125
11104	-6.855043317849908	0.31880009685809074	0.0009643803886683833
11105	-6.704811653832694	1.3179849743406413	0.0008679857805087507
11106	-6.5332536330366136	1.0944723109160213	0.0009000304332575507
11107	-6.3433784549544745	0.9853266883061862	0.0009232139105112431
11108	-6.243456818624561	0.49927018077736307	0.0008103341617348744
11109	-6.760566067573678	0.2791066014623292	0.0008537920392975209
11110	-6.976272183834937	0.23667614894119263	0.0016858339819107516
11111	-6.483588078787219	0.518141363612557	0.0007763432439459426
11112	-5.781744774234918	0.2730904303316781	0.0009472388200645961
11113	-6.266248345320454	0.7679167305358324	0.00086462893475843
11114	-6.934554904590805	0.8053386126022644	0.001215432540224254
11115	-6.497039061804598	0.8474032978826875	0.0009090937940877465
11116	-6.706518848943732	1.544684341581747	0.0009049165743687254
11117	-6.4087085892379125	1.232992375881231	0.0008680117432274626
11118	-6.9860262866988725	1.4834617182739798	0.0017627326135501477
11119	-6.974124597080549	0.6626910533142165	0.0011816766509003297
11120	-6.690075432832978	0.6855697647845156	0.0008418948026943083
11121	-6.961257527422795	1.8855555030643552	0.0023585245203071505
11122	-6.879928091098831	0.829261914804723	0.001108675327543986
11123	-5.293825653102447	0.2188450080218502	0.0008308588938308139
11124	-5.913692090652702	0.3905427850947936	0.0009398042165861516
11125	-6.536891074446462	0.5792380948362946	0.000792868588457494
11126	-6.757559757000297	0.2709148690248431	0.000861539617764287
11127	-6.995314813964715	0.9971534992225952	0.001561984867492098
11128	-6.274291016430868	0.26151368902618993	0.0008552911571772319
11129	-6.1136438597136245	0.30426620524638387	0.000961089944161711
11130	-6.563735523044203	0.4569410485899846	0.000726507610946841
11131	-5.796990553132032	0.4558686227885433	0.0008863715468783003
11132	-6.595500727573455	0.41455649677405515	0.000707586948654476
11133	-6.747637042231502	0.9884397707998116	0.001030721246218101
11134	-5.96942780211559	0.16469772550493378	0.0012594462516353562
11135	-5.513657628712296	0.5149570902064239	0.000954315861433328
11136	-5.753026839831487	0.959155478242681	0.0012875346196055694
11137	-6.139170355328689	0.18571089153900455	0.00103866496359435
11138	-5.130710943893206	0.2195766872671785	0.0009913138273077878
11139	-6.77931413630234	0.4055004794123407	0.0007544007962954071
11140	-5.320929521901621	0.19979111036743022	0.0008361273724625625
11141	-6.368202773265918	1.0517731471625293	0.000915651865569511
11142	-5.70320650115546	0.27130277524142304	0.0008716420324765125
11143	-5.7203971776930915	0.2629475638529831	0.0008935930414645391
11144	-5.979588750332606	0.6917895808653314	0.0009276693700369672
11145	-5.92272452312605	0.4735690768106083	0.000891155335348202
11146	-6.113986545174047	0.3444059764548086	0.0009333520220080872
11147	-6.185672596774976	0.10178446844545305	0.0011392780405794624
11148	-6.533365214014256	1.498035606372566	0.0008626342546283199
11149	-6.022156615229521	0.6488488719977158	0.0008685018488836016
11150	-6.036795261077548	1.1616483379704912	0.001188991985493191
11151	-5.935105205664636	0.1352420144314138	0.0013535084844372193
11152	-6.811373349041529	0.5839698029752833	0.0007835108459042384
11153	-6.321266952915378	0.7482540609179608	0.0008538476816203601
11154	-6.876566161407701	0.4711458872246797	0.0008635171129293141
11155	-5.111112611189716	0.23556333451227562	0.0010468838456740325
11156	-6.294358354360052	0.11292335861684988	0.001022619447374864
11157	-5.405678901043928	0.3645329661002179	0.0008340126512871241
11158	-5.868048918385915	0.5776080356557229	0.000922944017223389
11159	-6.941691142224649	1.193855603563588	0.0012757519099986178
11160	-6.696111712187088	0.5969906049018682	0.0007648141165563516
11161	-6.740308219163642	1.510417482395514	0.0009124000857357969
11162	-6.792619727620295	1.8522122278036195	0.0015272650997455158
11163	-6.568208720106293	0.6925541430883578	0.0008556520987285062
11164	-6.103962537485121	1.4672549235944243	0.00154108332281453
11165	-6.604960687161537	0.1157276773157237	0.0010673733942896198
11166	-6.4517758436758115	0.6700180926076681	0.0008372059762081758
11167	-6.6952969301346235	0.9735021586615831	0.001004725838760334
11168	-5.998842213751882	0.2020949579177442	0.001166713168243974
11169	-6.235102004156269	0.9879915022637942	0.0009602314510331066
11170	-6.270948343422213	0.9336319946225582	0.0009354959710611779
11171	-6.709538184787589	1.4441724066334745	0.0008689937697271567
11172	-5.935405815534732	0.2670535588602033	0.001078562717804349
11173	-6.474322433327607	0.2168791816118889	0.0008123336938880805
11174	-6.776776921994544	0.9408463390839332	0.0010554839578138715
11175	-6.798765580725758	1.4595060917145533	0.000969026176297216
11176	-6.1396784718901705	0.09304074112119289	0.001226390924755727
11177	-6.310662715060715	1.310187399945803	0.0008971176177257542
11178	-6.744145156991554	0.870947492612331	0.0010118643353068091
11179	-6.9309754855016275	1.0032557520689913	0.001291885213170544
11180	-6.838786447941211	0.8566841164599703	0.0010721565146872942
11181	-6.096030825579472	0.20556940205813645	0.0010659872038880794
11182	-5.174296688854749	0.26790537126299496	0.0009412727901040969
11183	-5.53600606893835	0.3262247827497667	0.0007986531767186583
11184	-6.547135387150174	0.8571283165672294	0.0009275921847082052
11185	-6.142519743443893	0.5700589980887215	0.0008136758595945932
11186	-6.539413808986381	0.765033811408221	0.0008899660507797703
11187	-6.898116903157244	1.849903126511803	0.0018048668759873467
11188	-5.837152969437441	0.5240150278578855	0.0009060920244143375
11189	-6.406148062274305	0.6376848176115448	0.0008220552294219612
11190	-6.438247886229062	0.7269929143731013	0.0008559950465661186
11191	-6.562517493634101	1.0828296819173346	0.000907584960081924
11192	-5.932172937895488	0.7469761091733187	0.001017325353885148
11193	-6.402731453339342	1.2507725723282885	0.0008640378619770024
11194	-6.668237092849657	0.25580447517449356	0.0008043242393195679
11195	-6.010279329919418	0.36890936917156686	0.0009622328211036888
11196	-6.009120573199538	0.345366602604089	0.000985771357614661
11197	-6.74189684597896	0.42335232193296735	0.000718825939070693
11198	-5.379411763099384	0.08733847343496459	0.0010385552580072
11199	-6.451543174212376	0.36622670097470716	0.0007522387543104315
11200	-6.862333468780134	0.8006873088607971	0.00105051449272381
11201	-6.809947247238169	0.4261514717574091	0.0007770788256917373
11202	-6.54364568340462	0.9096864520940423	0.0009367302995716815
11203	-5.5562828197859195	0.29747239742099874	0.0007969076574053364
11204	-6.6308126346846885	0.008408250564605264	0.0016910089725883644
11205	-6.814739310915632	0.13038656792426986	0.0013027008702213734
11206	-5.935207977659083	0.23671296761044736	0.001122594627158662
11207	-6.395273401179331	1.1751498108836937	0.0008863710991112821
11208	-6.817270106573867	0.9470184740895711	0.0010897458993581884
11209	-6.71360051793638	1.4047291333889738	0.0008685101946164981
11210	-6.507258647312785	1.3099586532624734	0.0008394942979994794
11211	-6.608314790853721	1.0050014947140744	0.0009519673858576312
11212	-6.495143581215791	1.3030214620480856	0.0008415872551338877
11213	-6.903754601210361	0.4740596629885872	0.0009270719422353361
11214	-5.487440040920993	0.33556855324683216	0.0008048349398701312
11215	-5.749524920270194	0.8539470235679049	0.0012143421695213225
11216	-6.75104150454823	1.159238467999374	0.0009375006883352645
11217	-5.645858991732678	0.2425950539184302	0.0008498767563183814
11218	-6.97847717374606	0.556467840629028	0.0011572649345706265
11219	-6.444232006836499	0.9789918524880317	0.0009149096331775338
11220	-6.878092087335429	1.80259989304459	0.0015770431814592697
11221	-6.3953334586322175	0.7116285182030215	0.0008450072387702258
11222	-6.145279982825612	1.4832457695033352	0.0014485652203076924
11223	-6.911027389989672	1.3502190672089758	0.0012364802935068248
11224	-6.55568951005329	1.6634672884377382	0.0010712058835814025
11225	-6.533277800215171	0.3277677275098377	0.0007303608709605051
11226	-6.874292745240919	0.28159935195588987	0.0010739536654661736
11227	-6.85823295652771	0.12173749251854118	0.0014913221598584962
11228	-5.676083815100421	0.09170728666515657	0.001200999556505402
11229	-6.854207080578683	0.5240927007778913	0.0008111592958639258
11230	-6.272124921703486	0.5867867191199077	0.0008049607614958584
11231	-5.838744969839808	0.08519803956031406	0.001513491945953631
11232	-6.935366976788868	0.4382583600207437	0.0010603777596398705
11233	-6.487435991955134	1.4833576447647134	0.0008713562797364214
11234	-5.889259123322984	0.30918056562048235	0.0010059063843517113
11235	-6.389741955021376	0.701396548115444	0.0008408399241456566
11236	-6.421813120674334	0.9883270835180319	0.0009141497704138155
11237	-6.5078644625615905	0.21168287559910165	0.0008176960701118875
11238	-6.665134731730774	0.8727744136548603	0.0009798703830546476
11239	-6.798639940471701	1.0868358386849772	0.0010196755828763674
11240	-5.88602101217477	0.4166190940223799	0.000915018115649266
11241	-6.113966939578428	1.2066108908388231	0.00109075130672358
11242	-6.991076411465666	0.5246602641915824	0.0012356368512250395
11243	-5.767487089173932	0.3886227393485556	0.000873714849039196
11244	-6.064008173484601	0.38248301453486916	0.0009319468343164251
11245	-6.908826290426279	1.0820726970771861	0.0011985216784636886
11246	-6.3926100547394915	0.5346977140186501	0.0007948941296018575
11247	-6.558828876143581	0.41382536721180685	0.0007181013530667357
11248	-6.831323142314755	0.39362431555846067	0.0008310359705898339
11249	-6.554595649273296	0.700082201362604	0.0008595521458050627
11250	-5.977801998193099	0.5155561758233704	0.0008667430286663816
11251	-6.867068561572353	0.10689999492209126	0.0016160532209635826
11252	-6.702052832565696	0.042668241229884926	0.0015257904073462726
11253	-6.850920654314393	0.758993168085977	0.0009883609398721848
11254	-6.273938127456759	0.6776460097908253	0.0008246156925457363
11255	-6.748890252737947	0.7120815417418536	0.0008708634514082826
11256	-6.214356621150052	0.8563125057130174	0.0009234866885226117
11257	-6.546104737795149	0.450779564222504	0.0007309692784451988
11258	-6.744496988123642	1.4520771719275758	0.0008983856771663448
11259	-6.5020360225971725	0.3613017539603871	0.0007341605562263408
11260	-6.968744017647385	1.0366752088534332	0.001415797741756278
11261	-6.433779920278604	0.5947302349018687	0.0008098836929840026
11262	-5.78813575677401	0.2952421392837491	0.0009336736304168178
11263	-5.601173314552101	0.10299794737479787	0.0010686432828663558
11264	-6.751772691666047	1.1418737448646104	0.000947093259080285
11265	-6.1061665539912635	0.10074619015673089	0.0012562469788770278
11266	-6.665256961977058	1.0569960172708974	0.0009518117063011766
11267	-6.460019470094585	0.43213264024223663	0.0007569249495481006
11268	-6.3196308443000895	0.2898933932535883	0.00081837861842188
11269	-6.5815851081461485	0.6684441818729201	0.0008400385586737512
11270	-6.90701211328407	0.35520048891597567	0.0010635554831081406
11271	-6.407425352771543	0.377746021073831	0.0007689007544093073
11272	-5.908906692800311	0.15516767676991733	0.0012883223359559746
11273	-6.50828747804317	0.6486269364295221	0.0008318760856297027
11274	-5.8197183832655615	0.07508446631269367	0.0015437687168345458
11275	-6.434052869924531	1.3479874588590837	0.0008423844068456577
11276	-5.585029736960313	0.04044085005474482	0.0013320495377820909
11277	-6.455198472475426	0.3330383408658653	0.0007528414883977209
11278	-6.77792882821043	0.5225332230729688	0.0007365541244203885
11279	-6.6091357252680165	0.9439583350842585	0.0009657538439757719
11280	-6.537138069220422	0.526891916129566	0.0007653355347890546
11281	-6.546789600478309	0.2095756702299753	0.0008245982099069802
11282	-6.760924886943377	1.6458171176981957	0.0010438415743007448
11283	-6.347781722193538	0.3557327796281635	0.0007926151144041915
11284	-6.656824927727775	0.49037448525234656	0.0007110191080651962
11285	-6.533644603474838	0.26503498309142254	0.0007630094207509675
11286	-6.598514564650804	0.875645455957327	0.0009530439093764766
11287	-6.480478694483779	0.4632763338817225	0.0007581062648152567
11288	-6.465264231172306	0.49059989705552914	0.0007711030022696354
11289	-6.678639680191047	1.0371751116734944	0.0009693875862698052
11290	-6.69764581017114	0.7006340539633001	0.0008556088562723593
11291	-6.4254495365345825	0.8180572262290728	0.0008866037615739378
11292	-6.089029176342667	0.028435627919096845	0.0016046189328823653
11293	-6.535153316181978	0.9789609395119999	0.0009314330729239826
11294	-6.824099127278295	1.3778261808201204	0.000999747157624726
11295	-6.739567282597045	0.45820426259604496	0.0007119525556108732
11296	-5.398273842563983	0.21962740153975538	0.0008205964268740797
11297	-6.426225634142226	0.6402163743899132	0.0008244846387578842
11298	-6.616175734056386	1.15383044573373	0.0008875933377475859
11299	-6.709418690021836	0.8167989109144645	0.0009612346809705622
11300	-6.698996151321741	1.1387657770031405	0.000918347358804693
11301	-5.940887001092711	0.06779077394341926	0.0016504126015326982
11302	-5.962214600436464	0.19010253801737548	0.0012057271098088467
11303	-6.589396304700178	0.6199632437529248	0.0008062245850512867
11304	-5.421277015361645	0.49662368618205616	0.0009649416931307912
11305	-6.3223307429517455	0.8656952214943203	0.0009032749267397713
11306	-6.714176863036144	1.146251365884719	0.0009216239580168655
11307	-6.52746117172639	0.6254601857362697	0.0008194235504866212
11308	-5.425889441224158	0.05694742096805616	0.001160683460768898
11309	-6.655590886176615	1.067007693194836	0.0009419105439474776
11310	-5.884876365095975	0.5116617422720567	0.0008918271088981148
11311	-6.516760345564701	0.3612567020746611	0.0007293196015189844
11312	-6.389893300940841	1.0406007819641645	0.0009131631192108067
11313	-6.350671754921375	0.9740472523509731	0.0009212226686853703
11314	-6.028603215536233	0.3250269773148707	0.000999504258699264
11315	-6.765958969834558	1.5079253125733656	0.0009388101231322332
11316	-5.515046748638321	0.03475176878700742	0.0013033470513476506
11317	-6.838434328124463	1.4415451765333454	0.001042003873909264
11318	-6.612179852256159	0.5091993344557563	0.0007308418393315887
11319	-5.6248266973233605	0.17485695709689805	0.0009162094249721765
11320	-6.369148071629743	0.5286117130193131	0.0007955579198274535
11321	-6.880714563462629	0.07958840964366745	0.001897263634151784
11322	-6.7134044353518565	0.9408086690588013	0.0010180318621703685
11323	-6.63939558987762	0.8659826814683043	0.0009667775448998689
11324	-6.885008443045896	1.01317689693023	0.0011761977591228366
11325	-6.719862510767327	1.1529188513196207	0.0009211277370461908
11326	-6.244068741779428	0.11771953230618722	0.001043367954261133
11327	-5.483276640852548	0.3904682599666884	0.0008345709710403552
11328	-6.385329857558314	0.4760699818071279	0.0007853133064992179
11329	-6.60968429693598	1.2041574603861798	0.0008698965072919361
11330	-6.042330912306924	0.8193659774496275	0.0009896832653920225
11331	-6.725654998486205	0.32230466000136954	0.0007693324899724417
11332	-6.792928075274409	0.619008075783305	0.000796269593529488
11333	-6.188264077373899	1.0105882529649688	0.000989045374924934
11334	-6.795690457396992	0.5776857539405746	0.0007694240568606447
11335	-6.938181806911171	0.24753614231822302	0.0014039271777517457
11336	-6.4150598678743105	0.19291626851532492	0.00084822910626322
11337	-6.019976502994841	0.06366904990085065	0.0015603307174975023
11338	-6.324111400890474	0.6345941488496432	0.0008149265224185137
11339	-5.947497599013904	0.697629006889442	0.0009589305231037955
11340	-5.661721306972079	0.829355733682411	0.0012328787386554601
11341	-6.396059034587139	1.2388851043246683	0.0008683412276260441
11342	-6.6117989751229835	0.6322564197783777	0.0008100251848179877
11343	-6.885323301614929	0.804113275761937	0.0010927937113234018
11344	-6.074879742933838	0.6248538289117428	0.0008340627472470353
11345	-6.143528776762415	0.4221055950342107	0.0008686553067261368
11346	-6.990925571476794	0.09073974948491262	0.003044068575345486
11347	-6.536109562562649	1.3271662886157107	0.0008352113923256951
11348	-5.455459226332873	0.19920306020170275	0.0008362373696231243
11349	-6.007981175941736	0.5092137328568096	0.0008602615231913716
11350	-6.563397778773263	0.09898651461836616	0.0011009626414838062
11351	-6.369435992042659	0.4429120782271469	0.000785240534943646
11352	-6.845070629412502	0.8646044882844821	0.0010858510434345989
11353	-5.790671828927923	0.149862461511733	0.0011779270125710864
11354	-6.231464866545895	0.2945727804849328	0.0008703927954018294
11355	-6.719534764630282	0.8494685277000321	0.0009881486722840894
11356	-6.155372763437759	0.3379578664160494	0.0009078342548222369
11357	-6.5445174245157665	1.439729355463172	0.0008318193268144196
11358	-6.361778729934324	0.006299513606033001	0.0014756781315894798
11359	-6.859754408479434	0.5692933178048245	0.000828295394958255
11360	-5.7626584135183245	0.19620734168677592	0.0010291430626621658
11361	-6.021192844330247	0.5170879166991057	0.0008538171594285051
11362	-6.365455993634244	0.7277317490389454	0.000847892115585355
11363	-6.122606526064698	0.37093400575691626	0.0009102819168633506
11364	-5.966290309555366	0.17597318054042954	0.0012345486632962567
11365	-6.262352443844752	0.7761115216996304	0.0008692460165889713
11366	-6.465552070576821	1.149785400522151	0.000885889740683953
11367	-5.829699909033835	0.3297731032888416	0.0009432909080057715
11368	-6.780082834540493	1.121421865289791	0.0009814867615384178
11369	-6.285826000070341	0.6084784038556657	0.0008078764212010517
11370	-6.744479222775832	0.46028562462013556	0.0007139107503276995
11371	-6.924105270951803	1.6413654885672035	0.0014873848593854237
11372	-6.515510551134505	0.24761886661451415	0.0007786522080528953
11373	-6.416002323440945	0.36280772364943586	0.000765554658408971
11374	-6.669701999608453	1.0969553636086948	0.0009300767547331772
11375	-6.239705515921877	0.6767576518953193	0.0008239928148277178
11376	-6.351035815285579	1.5640161049693841	0.0011462924206792778
11377	-6.849473660304409	1.2714291323146343	0.001036894712579735
11378	-5.970562543172555	0.647767629663199	0.0009011362162936483
11379	-6.724698114286614	1.0839982139377642	0.0009651326184745257
11380	-6.464222210571217	0.727725481398571	0.0008602864529315753
11381	-6.825699023245237	0.5135766704718748	0.0007739108275505876
11382	-5.970542589169594	0.5734858565250323	0.0008678373580224938
11383	-6.906956031635448	1.4151067231434105	0.0012485427164180794
11384	-6.415130421011019	0.403309487209118	0.0007677272775463194
11385	-5.293754674269601	0.39641255622470484	0.0009270193748863469
11386	-5.744987260724049	0.3705701188922811	0.0008633553222893331
11387	-6.910430291425711	1.3824414402209788	0.001249234378819875
11388	-5.53701531397404	0.34819540880169125	0.0008050350979778973
11389	-5.995565996471355	0.715256635680308	0.0009349905379209574
11390	-6.866378557709237	1.3121266038688322	0.0010820880471198273
11391	-6.821500649513118	0.8889916915103899	0.0010752693029071028
11392	-6.311433889029009	0.6845787460715347	0.0008285897194477572
11393	-6.367044896577387	1.2802575830158545	0.0008669740948265875
11394	-6.094324631120696	0.49882524145432555	0.0008427978424719312
11395	-6.560564088062085	0.2920341019108453	0.0007426582931072846
11396	-5.772429006236277	0.7532000077998116	0.0011434491467579196
11397	-6.89409993600032	0.5246208645146816	0.000884442646855155
11398	-6.233586944919251	0.2538011376037517	0.0008876940440132169
11399	-6.157739460411534	1.052150177286712	0.001015310480500695
11400	-6.330211803845859	0.4857189414860332	0.000796059611275868
11401	-6.664700916247438	0.42718806969068085	0.0006988610975585289
11402	-5.784367828758405	0.9270662017229235	0.0012484592267737557
11403	-6.0528988542392375	0.2183745619014495	0.0010973547174599697
11404	-5.451891263321173	0.00732649095403734	0.0014480068185088036
11405	-6.308726062197549	0.39089514827843985	0.0008053584813754004
11406	-6.1350648369197085	0.9654835433514398	0.001013937403045065
11407	-5.684390610525324	0.9495169983597564	0.0013160568348128492
11408	-5.669718432118214	0.44111569817018176	0.0008598546577323165
11409	-6.913435407021862	1.1703608655128324	0.0011842330199205104
11410	-6.410990741077465	0.7868294748261798	0.0008740753939766075
11411	-6.238083974903271	0.5014983106718358	0.0008109525997181134
11412	-5.406255121489796	0.35602480433878786	0.0008285504017989972
11413	-6.0007001819906804	0.6764279191044483	0.0008999627294722655
11414	-6.1724369052308345	0.16597887056674288	0.0010264519914383466
11415	-6.565831665230039	0.6438772223305982	0.0008259516101524365
11416	-6.200220552754207	0.45691567045281084	0.0008315767603427966
11417	-6.61193770076065	0.39298634817960876	0.000704130691768577
11418	-6.340473839850816	0.7894196925326701	0.0008716335985519938
11419	-6.9100269214207195	0.045969407232997486	0.0025444035425002975
11420	-5.828001829162291	0.058459940017738576	0.0016645070079417583
11421	-6.65266829580957	0.7199757096675694	0.0008740244351035321
11422	-6.601113131883117	1.2006098513836123	0.00087038620149667
11423	-5.49385547800127	0.5702076344469329	0.0010373088326272558
11424	-5.950327628291763	0.19929895993573202	0.0011893069044441203
11425	-6.514891525938898	0.5546737002862399	0.0007850721118769192
11426	-6.602876031298541	0.9239090341224376	0.0009630034519543803
11427	-6.665259507692295	0.48963435885307394	0.0007093889961897712
11428	-5.41709559379118	0.53498110240471	0.0010263611806524346
11429	-6.6851013741451	1.3043462015248577	0.0008612466348053579
11430	-6.175274067878599	0.30477602135905685	0.0009092773247677656
11431	-6.7047694389197465	0.5868829603049359	0.0007563835487700345
11432	-6.733389660923346	0.20980560962669909	0.0009350471621166121
11433	-6.176270033815171	1.0138333701684559	0.0009973288026066617
11434	-6.53152147417042	1.2314803050123317	0.0008613311224533126
11435	-6.824705295396451	1.0517076910698255	0.001067950398665931
11436	-5.935590275392005	0.5881357892721738	0.0008907713830207155
11437	-6.15299471979741	0.4573226187108744	0.0008468407389930048
11438	-6.446254342812859	1.5144679486166561	0.0009310134629075757
11439	-6.210845930208268	0.6039922819295058	0.0008075723831318794
11440	-5.763887600292529	1.1000563068725124	0.0014936396542345107
11441	-6.532936074144225	0.34392976463341857	0.0007266576519056505
11442	-6.481872819422013	0.8950238624288038	0.0009160093081905695
11443	-6.822813904844592	0.41281399762603577	0.000802781283939562
11444	-6.496889885395708	0.15640359797810494	0.0009086409445827272
11445	-5.935427954364393	0.4700272818386351	0.0008912955232694848
11446	-6.4727467890479335	1.714846358273633	0.0013332167730471906
11447	-6.302564365615737	0.6341271448154955	0.0008135842725539869
11448	-6.60311733837734	1.397017582711605	0.0008292201363865943
11449	-6.931557775164653	1.230107909406549	0.0012506521329572994
11450	-6.910595160914031	0.5789108148412313	0.0009272090482368106
11451	-6.6874330778969435	0.4416503922850144	0.0006998969268100315
11452	-6.718597373518128	0.7179968879972147	0.0008728532277132473
11453	-6.207756533412008	0.33605754493238577	0.00087148907077837
11454	-6.113631589813396	0.6625837060706505	0.000835275847251043
11455	-6.244858554911669	0.5243137779064645	0.0008068714093854234
11456	-5.335629766690633	0.41947686578598053	0.000918939697624405
11457	-5.962450258893211	0.750225044515944	0.0009937732903627877
11458	-6.658660119918019	1.4376692241166453	0.0008431379047298782
11459	-6.691622588254529	1.6481029887201828	0.000999246432559358
11460	-6.3192764875599545	0.5727768664145405	0.0008034123245379321
11461	-6.715127251754264	1.5964341820880084	0.0009517162481678735
11462	-6.192211063332458	0.32474392843866634	0.0008869898885552119
11463	-6.00033694064082	0.18936446599153867	0.0011883423554165597
11464	-6.062151728974152	0.1452540682463567	0.001209486156816224
11465	-6.110345389198565	0.31769358013966165	0.0009543662376742859
11466	-6.582763825835033	0.12819352762561081	0.0010137506133920493
11467	-6.263376622101564	1.4262896194662578	0.0010350430765288462
11468	-6.499541645278651	0.13357251719885732	0.0009627985100140153
11469	-6.748921182650418	0.5208460741448869	0.0007240462798374481
11470	-6.567115418425886	0.6472662034959782	0.0008279162239183669
11471	-6.4930830805627755	0.21918550772550288	0.000808608664447919
11472	-6.6111285848113415	0.058275048463103676	0.0013218815718685363
11473	-6.390554228899291	0.019522213006581635	0.0013985491914619483
11474	-6.669810105984041	0.5104905097870602	0.0007167126740855402
11475	-6.328432578388801	1.4038089448780402	0.0009267964021455214
11476	-6.755104090975944	1.7046398634725688	0.0011191483492283341
11477	-6.462228659963081	0.21265701536132706	0.0008181981927695524
11478	-6.387229473121453	0.47701694117345905	0.0007850806178689623
11479	-6.90580814423973	1.8973623224096232	0.0020498950597621496
11480	-6.449013009741292	0.9407722360023015	0.0009152028553002032
11481	-5.927331030770832	0.9315032524297165	0.001166956659946312
11482	-6.919334594950017	0.2760513248211336	0.0012466139976720536
11483	-6.598096202262387	0.4516229772159879	0.000713501347602582
11484	-6.447401057010288	0.7421718319391039	0.000862887763452132
11485	-6.938244024295441	1.164602104126464	0.001260844857932827
11486	-6.594240799628521	0.1820585230777361	0.0008864863379189849
11487	-6.162300542013993	1.231800163460286	0.0010308716720816198
11488	-6.465892727391171	0.10264772787003223	0.0010424360246404781
11489	-6.29524812065358	0.30315035024809045	0.0008273397591663602
11490	-6.3175179215493	0.4329945506507712	0.000799303715082375
11491	-6.120757526349163	1.1873264758239461	0.0010735918922051882
11492	-5.010893460192285	0.0008483975533755406	0.0017791323776352298
11493	-6.9389234315588455	0.6114517146989275	0.0010174525149783218
11494	-6.943070699693444	0.6897236765480401	0.0010980009007125517
11495	-6.682052029401745	1.055636998356562	0.0009604183037828464
11496	-5.690052977124607	0.16172858522622477	0.0010046922490459765
11497	-6.253828079365965	0.03087854644765936	0.0013405231536465648
11498	-5.725529689769731	0.6017092824844749	0.0010147134781958132
11499	-4.893015843948355	0.44862735380146346	0.0033014659901589366
11500	-6.215996612241888	0.8240283271467425	0.0009047005624360798
11501	-6.605128894068148	1.8851538564033843	0.0018576013594298446
11502	-6.112604486975781	0.09814437460309794	0.0012535768636821394
11503	-5.534798574245876	0.13951764389367086	0.0009344044777953533
11504	-6.957607471778531	0.19024457199998618	0.0017302067539831326
11505	-6.575949891939831	1.5058892492844236	0.0008571173903716419
11506	-5.965137319487751	0.23415670943489547	0.0011279127037071702
11507	-6.02188609761984	0.5827723899562551	0.0008461212743442251
11508	-6.431926688108606	0.9256574868856007	0.0009125350819240792
11509	-6.9990751384251	1.4197599219118913	0.0018251791029941615
11510	-6.483771284761438	0.40555150736426815	0.0007435602570167813
11511	-5.313635921954876	0.0957214239361424	0.0010005250003439887
11512	-6.7662218998800645	0.8297307290637568	0.0009927453008309612
11513	-6.737227054039239	0.201244877649098	0.000956874198757616
11514	-6.680088351395648	0.5385770915940141	0.0007288054204778634
11515	-5.494705947171325	0.18652681937384308	0.0008518221505950373
11516	-6.661686864182606	1.7317829861275609	0.0011405431731908915
11517	-6.048031659129441	0.7784183385493442	0.0009508354054111999
11518	-6.284076902842839	0.3737749552086836	0.0008181629890538798
11519	-6.770436262345941	1.2016470665704941	0.0009356406037953162
11520	-6.210860775638575	0.2909866863321312	0.000887250221414386
11521	-5.431712337823518	0.4083932360218008	0.0008603085045516932
11522	-6.599337600519827	0.545077033193785	0.0007546170629894387
11523	-5.619132468494162	0.3092427449843766	0.0008081617798955844
11524	-6.534810035921474	1.0557514296503467	0.0009122050774349372
11525	-5.908759804852798	0.825024386142625	0.001102989585028154
11526	-6.830988181631581	0.38718229845586	0.0008360849798254245
11527	-6.887330808200378	0.48316433879931575	0.000881381057727348
11528	-5.937957170301633	0.3169787642418348	0.0010180224196411655
11529	-6.668301622518359	1.0227659483557947	0.0009718506248950832
11530	-6.789526131070956	0.13878423048622174	0.0012096842407528165
11531	-6.212973712937635	0.7328289991642037	0.0008511124943000054
11532	-6.738051317772998	0.3951851070698816	0.0007271950953224369
11533	-6.9255997924917025	0.8159734422540115	0.0012005671224075514
11534	-6.979640037553067	0.8723239828032836	0.0014596509507843521
11535	-6.506627794668017	0.635358895479082	0.0008255869744490978
11536	-6.153574121389791	0.6354552455653748	0.0008174553131904328
11537	-6.826761755714726	0.6349491360169127	0.000832402341398502
11538	-6.516209303145645	0.9712506908538268	0.0009270181287014662
11539	-6.842701192039433	1.3637872242853815	0.001036251092671363
11540	-6.6339641352956695	0.6210630134927475	0.0007964409573941637
11541	-6.864456679392115	1.1964592210721807	0.0010667175261061383
11542	-6.688157231120821	1.322069057506396	0.0008599598873865436
11543	-6.118030417647123	0.30299335189715654	0.0009583125947815268
11544	-6.384560504538759	0.24293211600590495	0.000810889554155461
11545	-6.492243069016622	0.6150013419036353	0.0008166655286251657
11546	-6.193494341782191	0.6244375186975414	0.0008111624603207236
11547	-6.095091175533405	0.7628832344750338	0.0009086139070518562
11548	-6.140864143654412	1.0235423201265759	0.0010249741993365454
11549	-6.660910769197869	0.5077289041163559	0.0007170951514721086
11550	-6.8658921414407565	1.1369057423522198	0.0010846099327472929
11551	-5.351094824686051	0.3279734787136528	0.0008289286068947081
11552	-5.687246316443627	0.33264149739983156	0.0008349350387626504
11553	-6.594602486588438	1.1097024322982578	0.0009023231165210255
11554	-6.8430755453993735	0.2705850084839722	0.0010098732117332328
11555	-6.890356065994941	0.8072977129631064	0.0011060488624983708
11556	-6.520741123086139	0.5770243684869363	0.0007950089598371274
11557	-5.488310946857957	0.41376724074482685	0.0008515383255066742
11558	-5.417671047413553	0.4132941749116208	0.0008690748876345511
11559	-6.08060619532194	0.6012466454594764	0.0008272201680258663
11560	-6.326139073396679	0.7329642342558692	0.0008475885345234977
11561	-6.552016498466152	0.9227903235666571	0.0009409142598389542
11562	-6.31212720301639	0.16977081502116093	0.000910549346771348
11563	-6.995081939479743	0.5080381739895413	0.0012718642318356066
11564	-6.404424384057937	0.4349936517850539	0.0007748196648371974
11565	-6.601545109900148	1.1798796157470004	0.0008767881419919488
11566	-6.9699889142301235	1.3087996488044125	0.0014832841896311821
11567	-6.3109377059197325	0.6076211000265936	0.0008085363100374765
11568	-6.410948840915287	0.5623818851789729	0.0008005673963526101
11569	-6.7416440062059095	0.34732674395596547	0.0007602999050334802
11570	-6.445001969015383	1.4014321815081323	0.00084650316560916
11571	-5.9562669957405445	0.16141147440421486	0.0012728015297022188
11572	-6.915910834465057	1.1308240198769042	0.0011981863104156497
11573	-6.698589751758888	0.469247346124034	0.000703038076278577
11574	-6.2180508502204255	0.610209606655582	0.0008080019002422291
11575	-5.929145658611767	0.2613942369446348	0.0010845261423337602
11576	-6.0924786937228665	0.18930359412157854	0.0010914036811365759
11577	-6.371666225981973	0.53757599253228	0.000796881289641181
11578	-6.723278374403901	0.8998825949793083	0.0010154816041174012
11579	-5.632605140602985	0.6554831552916927	0.0011083728126203948
11580	-6.504500086682025	1.2628413134277625	0.0008527397727681836
11581	-6.098883178582836	0.39543535895828025	0.0009061067953144671
11582	-6.674487392332686	1.175258746720874	0.0008915445029711142
11583	-6.2161048462115955	0.6711609568058421	0.0008226423119883226
11584	-6.3008269926330565	1.182608502610825	0.0009105441748620831
11585	-6.8476262859016295	1.616177378876369	0.0011684559986707514
11586	-6.736626612619044	0.6962048747953093	0.0008528043804792483
11587	-5.906252695609789	0.17441452527960416	0.0012355828931490493
11588	-6.359265036122609	0.6649941282295111	0.0008259765625517219
11589	-6.476449422414263	0.22788244506707936	0.0008005720877297517
11590	-5.968350590142743	0.4902391271924837	0.0008774650546351293
11591	-6.229167034832438	0.1768258696864034	0.0009561177982986742
11592	-6.253707305350549	1.055272557559104	0.000953462773399403
11593	-5.450427877176718	0.1914613290900682	0.0008436299077034674
11594	-5.63160262647529	0.35464450148729626	0.0008141415373950923
11595	-6.712939206371618	0.8944742664429979	0.0010087305117022422
11596	-6.856339660799605	1.102614277688796	0.001083721473704251
11597	-6.257306894973311	0.03127377019700295	0.0013362102025358848
11598	-6.64135649354168	0.5667724898639505	0.0007550729091249842
11599	-6.606859967439023	0.21843032002924703	0.0008279121957415686
11600	-6.952139164995566	1.227229115187821	0.00132844552292264
11601	-6.190497845300917	0.8203117629296437	0.0009100988534571346
11602	-5.671276251193345	0.8224631163288849	0.0012249501071546806
11603	-6.0737060255105435	0.17455787985682075	0.0011375229717881105
11604	-5.837827691331121	0.7443917035969252	0.0010941807228020749
11605	-6.335407269682763	1.3277839340735391	0.0008837011804023864
11606	-5.923173399933155	0.2457587995903369	0.0011051188022843054
11607	-6.986453103463608	0.9489194868142088	0.0015230617440185356
11608	-6.590140399224249	0.6948320126054813	0.0008569464022670538
11609	-6.869420535231268	0.5496019008609321	0.0008376940600551513
11610	-6.19211568297501	1.0962062857469304	0.0009891348330612463
11611	-6.667923341623424	0.028860753111845244	0.00157325782494654
11612	-6.665147095060566	0.39838517000287116	0.0007017171328288677
11613	-6.708792002992953	0.2995237797654733	0.0007793342280976203
11614	-6.2896068162569945	0.25992807827790354	0.0008466581768464289
11615	-5.910077300608032	0.7012170502604967	0.0009944897903617796
11616	-6.270957387336547	1.0274171740933709	0.0009465908479523357
11617	-6.267295263774449	0.3938270835135752	0.0008221645384925665
11618	-6.633220236356852	0.6801528284248469	0.0008431036199642116
11619	-6.241864520086237	1.0789447262727154	0.0009577727259291394
11620	-6.42190569284936	0.4769423109937798	0.000777813901049682
11621	-6.713881785230036	1.0130286444603316	0.0010007377759508316
11622	-5.498865583538122	0.08880708029311352	0.0010573560447725663
11623	-6.185123948733149	0.3454461758233344	0.0008831604507524532
11624	-6.95005989846496	0.8954278889639885	0.0013473911431426398
11625	-6.45052331507555	0.36367073187975135	0.0007526026004429751
11626	-6.623910097068068	0.2719090167253728	0.000766405738413924
11627	-5.740295977660317	0.440856646261065	0.0008704825560493921
11628	-6.159381276639428	0.015280612064741081	0.0015399824908769132
11629	-6.292227960648842	0.20891314222795454	0.0008784474733228181
11630	-5.631434101717903	0.23208355637640124	0.0008497032335753357
11631	-6.851735856919248	0.9529878811464687	0.001130830915679283
11632	-6.764539082947277	0.949376959621719	0.0010476435403079672
11633	-6.940738594163596	1.074192216068596	0.0012935424017800246
11634	-6.955024896569259	0.7454517241236741	0.0012083659119730048
11635	-5.926806755407385	1.0194769441694715	0.0012326288162363226
11636	-5.665486608275694	0.3378017678078401	0.0008238109583963176
11637	-6.26466007788756	0.011226374357201165	0.0014465396579591931
11638	-5.331543867621505	0.05616071514703316	0.0011403570908158206
11639	-6.938244945304866	1.5999480768394854	0.001514188430840595
11640	-6.955699925156396	1.6095233164737959	0.0016340123594082157
11641	-6.332859726702722	1.2482436545854987	0.0008844269867114093
11642	-6.063827514289228	0.4830395805097581	0.0008585305290647336
11643	-6.006643247591386	0.07517432582559826	0.0015276399143624752
11644	-5.940530275824619	0.8376931780557132	0.001086981283822196
11645	-5.900236831647251	0.5273600959102509	0.0008895412549592492
11646	-6.252576216174927	0.15097568272367562	0.0009738072070076361
11647	-6.43158212986235	0.9077257978310921	0.0009101910827107784
11648	-5.270151908249699	0.0019589177148407466	0.001411428653470236
11649	-6.490973795523252	0.3268781729939435	0.0007419458968470885
11650	-6.469134384844079	0.13552531902704407	0.0009505056132634949
11651	-6.832583468002343	1.2664521041608086	0.0010048137482768307
11652	-6.221378038587082	0.1734791932482896	0.000967046778581501
11653	-6.532644406666661	1.3141752090924685	0.000838306005184619
11654	-6.469954320651995	0.7671694184876608	0.0008759542886556213
11655	-5.849117597438325	0.4799702454301735	0.0008936930397198853
11656	-6.301790633500692	1.4604687004957713	0.001025243052652113
11657	-6.776017951804875	0.38712884492863614	0.000762343840200114
11658	-6.068392524822037	0.6985670274499572	0.0008739746735820594
11659	-5.489691418654598	0.8046913300234664	0.001411668979175449
11660	-5.962094579384165	1.1584409423339361	0.0013074004133539925
11661	-6.159191501884749	0.7007580203444941	0.0008425143059819913
11662	-6.750672017733847	1.37426667352368	0.0008974782526633267
11663	-6.2042842802923355	1.0249776903221803	0.0009805475450953254
11664	-6.280027412788276	0.41525569512411853	0.000813411774189191
11665	-6.923977399965136	0.5544108780119104	0.0009577603018579134
11666	-5.983877109256151	0.855246237635864	0.0010648050421172243
11667	-6.355897247009108	1.1965865317893447	0.0008882405530260064
11668	-6.208835165899079	0.6521154495672841	0.0008168315734624446
11669	-6.733352022075758	1.0690122800538768	0.0009800560013564288
11670	-6.6672483386411345	0.4848652215516104	0.0007075790852568466
11671	-6.418456259040968	1.3823307165257448	0.0008520227002217224
11672	-6.878756508207113	1.3359265149158694	0.0011221376505137536
11673	-5.9008160731344725	0.22111643009898355	0.0011347080271391684
11674	-5.9968157226029986	0.8825191272999057	0.001074575098406845
11675	-6.493941787755022	0.20395634881013983	0.0008274645245175783
11676	-6.536211510278462	0.4076571344742936	0.0007248566469518684
11677	-6.9154546196119915	0.43744182851532937	0.000991128413933136
11678	-6.780751909611341	1.8534746339003383	0.0015197019806529872
11679	-6.122971924012503	1.2438515682014177	0.0010953052102987747
11680	-6.5209080947215785	1.9168206732418318	0.002584779774087684
11681	-6.7060011001154995	0.6197415268944956	0.0007818516828908749
11682	-6.874898543361655	0.2107231529471557	0.0012252455817133008
11683	-6.487259968758616	0.23307900865303216	0.0007943696227371016
11684	-6.856395412003755	0.16661251862029913	0.0012944026579343251
11685	-6.459492835436364	0.48477490195390177	0.0007707833103064466
11686	-6.011041798023231	0.5831548562741776	0.0008507827388495583
11687	-6.072937645836644	0.9755170514895614	0.0010667639070208524
11688	-6.068649223505101	0.12009114352710601	0.0012618171645021805
11689	-5.535348396817299	0.4291792764626421	0.0008566192382625623
11690	-6.025702092425077	0.9211159217021722	0.0010770892983877423
11691	-6.6961790348652235	0.4140933425193124	0.0007036668787453046
11692	-6.466847226327643	0.7543983880138034	0.0008706700781249315
11693	-5.6690095599245005	0.6090837719989685	0.0010426695583568308
11694	-5.965598860888206	0.4846575587696745	0.0008803613657554952
11695	-6.526480114821764	0.09607667183368448	0.0010911136135366391
11696	-6.3840464412140765	0.25066501146409925	0.0008063763586172617
11697	-6.961057668100657	0.46118178888743827	0.001143225515871216
11698	-5.563083619290233	0.3766504808163436	0.0008166182442821724
11699	-6.47158824404398	0.9602244049104214	0.0009183624420523905
11700	-6.477645136616028	0.3348750957601818	0.0007448100016906814
11701	-5.242795301429536	0.35118773940981185	0.0009281250472331732
11702	-6.815569097119955	1.2684001771726605	0.0009771347389237828
11703	-6.399820724573649	1.3629267798118014	0.0008557913903367312
11704	-5.589714897602891	0.2355874818406248	0.0008270850157410507
11705	-6.591489418197693	1.547569866983875	0.0008866694090831024
11706	-6.994097542226819	0.6549429944635718	0.0012660230807548358
11707	-6.978918003906395	1.8420936914448156	0.002338755904977162
11708	-6.557794259882905	1.2211704718142307	0.0008638270009028369
11709	-6.737544978919252	1.3258792738118408	0.000887654805928344
11710	-6.650576603137417	0.8494585962017739	0.000963712144707206
11711	-6.472941858825675	1.004019839261389	0.0009150106100468296
11712	-6.660128464081655	0.6334116742012124	0.0008003875781824484
11713	-6.649741207136319	1.7215980599142076	0.0011231325653613875
11714	-6.403039126611782	0.8303553271318013	0.0008886806629290851
11715	-6.475463751430633	1.0628964842691118	0.0009049646423002261
11716	-5.911164492210439	0.5056004059276964	0.0008859624540174768
11717	-5.242061120223883	0.16384522277684885	0.0008814946804406371
11718	-5.590321841293507	0.7201185544021358	0.0011894419579494301
11719	-6.900145436043546	0.8987803100852917	0.0012024508846176479
11720	-5.823640495038209	0.6508840047778923	0.0010154262449311112
11721	-6.4408052256707045	0.6819427522351145	0.0008402513435645403
11722	-5.486523579558982	0.13046226705866443	0.0009418238897932789
11723	-6.915313245540694	1.3425712175715907	0.0012493400575061988
11724	-5.987074395016155	0.4320013653669768	0.0009096461509212223
11725	-6.087821243955401	0.5382726357922845	0.0008297863344680041
11726	-6.873709171150581	0.829919660614676	0.0010983838999253078
11727	-6.967957852070695	0.036075255034917195	0.003688058233428113
11728	-6.659868503052486	1.1295229746983313	0.0009084737505684703
11729	-6.57693869026773	0.38940148855479284	0.0007111596052785425
11730	-6.709770093398034	0.8828799702149082	0.001002645816802317
11731	-6.724536661110183	0.6611511027408155	0.0008179064955547085
11732	-5.980984047455595	0.6903780090439454	0.0009254178282383745
11733	-5.955057304597961	0.8119748201589125	0.001054183693190866
11734	-6.252906666769342	1.1682660981328028	0.0009388559368294086
11735	-6.235694744526496	1.1250122886443035	0.000955948540138923
11736	-6.806606753941178	0.5632786851279435	0.0007692699453956518
11737	-6.9113346582376	1.489964723287109	0.0012973527779088013
11738	-6.651016399599198	1.0388951683331673	0.0009554774406689168
11739	-6.612730388030981	1.141235194357792	0.0008921127604832468
11740	-6.960716996059304	1.3744201197825978	0.0014950957781141765
11741	-6.22631818142877	0.8916500236161228	0.0009365388111458265
11742	-6.45979843934323	0.7115648518038157	0.0008535692625865569
11743	-6.135739864102052	0.05765603605511477	0.0013613810279818012
11744	-6.653114558276298	0.03558546281730911	0.0015051419539873626
11745	-5.983135911667899	0.9385772211974817	0.0011249602135234972
11746	-5.578528344954011	0.0731768973428576	0.0011603112965903038
11747	-5.962941014928358	0.3069145092193549	0.0010329495675139295
11748	-6.833769130730598	1.3663852331239448	0.0010174387649549172
11749	-6.648105056446969	0.3661705395182755	0.0007087298520345441
11750	-6.793508440002424	0.42358508396815453	0.0007594230115848118
11751	-6.351317512041856	1.1038595359863494	0.0009116494785136845
11752	-6.85407002682361	0.19015832233834795	0.001213382695677184
11753	-6.7792223491176085	0.13652954709055737	0.001196467013388371
11754	-5.2488169511327625	0.0599417655387712	0.001105833907368868
11755	-6.128386525562317	0.6392898483287529	0.0008230137226482906
11756	-5.182584024649905	0.0696596614358019	0.0010869819881980849
11757	-6.18568495903292	0.23900270385258596	0.000937865878095832
11758	-6.445691586967282	1.091571026536132	0.0009000017711145704
11759	-6.4395003672664135	0.5241448408029701	0.0007869726886871635
11760	-6.672306053183889	0.18605371204204263	0.0009253539895432761
11761	-6.972981589598627	1.5750022382424342	0.0017223374327251463
11762	-6.251604653967135	0.4020060227986536	0.0008273568576063827
11763	-6.836156865747469	0.143969372576837	0.0013114020074734107
11764	-6.5709425584832415	0.8482779889130367	0.0009335329646526902
11765	-6.857579496450285	0.28500881793591587	0.001021854070529446
11766	-6.944701971444917	1.6951042616732144	0.0016907410954239885
11767	-5.400534011467946	0.20373470248561315	0.0008314911434148257
11768	-6.681959984463269	0.4984273861086348	0.000710489336704927
11769	-6.261736414224374	0.27915602245842014	0.0008556807736030937
11770	-6.015578799241248	0.5282059109719952	0.0008521430817844882
11771	-6.423730695310528	0.7913120668691804	0.000877139850167772
11772	-5.263882615001634	0.5886299943235966	0.0014189582290956512
11773	-6.378990856330293	0.3139089997142135	0.0007851348960789508
11774	-6.644828325585631	0.5210987801611964	0.0007270810718144891
11775	-5.695193245188842	0.6007181821388103	0.0010242923123423022
11776	-6.771898857199514	0.4069941428327142	0.0007467025097617555
11777	-6.410201191099012	1.27479463225579	0.0008568498801271322
11778	-6.394870173094867	0.8854249125618479	0.0009043064302747488
11779	-5.469734990972899	0.075243174921388	0.0010970582581845362
11780	-5.4465058914980995	0.1804346614965049	0.0008556455248152035
11781	-6.186372498245617	1.4109380348218776	0.001155070436868037
11782	-6.613067427841228	0.6701426196658764	0.000837883483976681
11783	-6.384003407417901	0.38413843414121424	0.0007775906561629995
11784	-6.565893790934151	0.378884025243804	0.0007142125487979216
11785	-6.654943791769951	0.9005640419542882	0.0009843621207606273
11786	-5.793259172236719	0.2588441852938411	0.0009750441028906065
11787	-6.966846720170553	0.6364766272333399	0.0011298665631676022
11788	-6.5510760561229215	1.2390390422506075	0.0008590033592910746
11789	-6.672428832115446	0.6556601229458192	0.0008170268927926115
11790	-6.0842659171394216	0.8076278734774017	0.0009512333105157747
11791	-6.250137556618243	0.7651966446522447	0.0008646483729368097
11792	-5.393611916140154	0.013227206820807073	0.0013871483310834772
11793	-5.412371869330064	0.29153566569431844	0.0008040472521816725
11794	-6.453076234760027	1.1073181729802672	0.0008963503972835158
11795	-6.260661611577872	0.47488243222892845	0.0008104563731120526
11796	-6.484260224326989	0.8902116214519624	0.0009157508749896633
11797	-6.740097676022003	1.1467339438527584	0.0009364420251839295
11798	-5.398993899897075	0.3970726583718893	0.0008609378587667482
11799	-6.114579629180527	0.40718304371242364	0.0008906820997725932
11800	-6.237058666576198	1.6507110927526087	0.0018920719465183224
11801	-6.7226955313182355	0.5033755458472269	0.0007130436195073276
11802	-5.852967446623215	0.420198269160164	0.0009040588066684928
11803	-6.0600946115224055	0.0686641329454146	0.0014576837072525894
11804	-6.5870650371086406	0.7152781892665216	0.0008701062795251825
11805	-6.849888978914419	0.2536381678215608	0.001056677539039182
11806	-6.167667771990352	0.36367603647552815	0.000886358813896155
11807	-6.818688594944611	0.8599233571753644	0.0010535093481101512
11808	-6.167197980757006	0.28291007785368805	0.0009276597068332146
11809	-5.9677842871332425	0.22461304954865216	0.0011423843243427727
11810	-6.476773327470201	0.9079016487608492	0.0009167508311584126
11811	-6.6390479936110225	1.315713337815225	0.0008467952413066963
11812	-6.071535743675517	0.3748713230899578	0.0009349085375944973
11813	-5.854866707630382	0.8170605259130578	0.0011375890183869
11814	-6.182281199598075	0.9652923240575577	0.000983536094138325
11815	-6.719626985979028	1.2043237660795056	0.000898881337317819
11816	-6.1173700418388375	0.25381173213735353	0.0009949868713415412
11817	-6.57580176602978	0.519059805032445	0.0007483308187761714
11818	-6.757326707419553	1.0153089655571785	0.0010266569165489979
11819	-6.596022034195965	0.4118177854362327	0.0007072403738890491
11820	-6.6496272311892	0.6339564951367603	0.0008030192079341379
11821	-5.9433380876430935	0.1917161301029851	0.0012047760107750324
11822	-6.386037785035925	0.12336044002775227	0.0009740270443606637
11823	-6.2333223141779985	0.49334831639159143	0.0008133095453699094
11824	-6.870748716487058	1.2276368398936113	0.001078613360049865
11825	-6.47973933038693	1.690346412153865	0.0012410784898943335
11826	-6.090620741210145	1.055217139899169	0.001077790860916451
11827	-6.550791647996135	1.0842620885643766	0.0009052871391521283
11828	-6.692939707488189	0.4739055846333027	0.0007035200548105509
11829	-5.867127336762831	0.9868262127556934	0.0012538371911003652
11830	-6.466552578132954	0.5539640629189548	0.000793401543764477
11831	-6.970618650299459	1.0003128258900662	0.0014383501252190184
11832	-6.145789364986504	0.6372454456369578	0.0008191276545516839
11833	-5.96779720272221	0.9728721730094186	0.0011615486874279695
11834	-5.372669273981225	0.5013367973345388	0.001007286621791187
11835	-6.400959977063184	1.4807360357070305	0.0009316961886627323
11836	-5.9695811758336825	0.1042961240260311	0.0014486647809795756
11837	-6.23369638842782	0.7956334867394372	0.000884033306727577
11838	-5.425472367557673	0.43866025406397874	0.0008915717801408805
11839	-5.215854172193736	0.19493932198800468	0.0008755064635602687
11840	-5.729354314981082	0.427060520710797	0.0008627980868239617
11841	-6.69927229180629	1.5292142189944333	0.0008912829687987902
11842	-5.75869780620509	0.5239642488445234	0.0009221775772519801
11843	-5.3630630758169255	0.3158333244927462	0.0008195566728088098
11844	-6.777645004088492	0.8929067705420086	0.00104214094153564
11845	-6.386195914867323	0.12342045902590187	0.0009738738457665453
11846	-5.931246585812352	0.3999337803934499	0.0009355964697640515
11847	-6.1744418874493325	0.2982587362031433	0.0009132338563838029
11848	-6.893959348837161	0.686287408805758	0.0009721561638295574
11849	-6.945230267232106	0.5233043828043034	0.0010312032459245675
11850	-6.262519177560333	1.0277023710238757	0.0009502134542043065
11851	-6.197286947830545	0.364181781992719	0.0008675471978034159
11852	-6.6554805399408785	1.7731317120624774	0.0012451505311448063
11853	-6.061988886026804	0.8511584480973424	0.0010004777018049814
11854	-5.781720960856064	0.5475232080154881	0.0009366471667532619
11855	-5.728638909410481	0.6745814223981514	0.0010965019611567834
11856	-5.533633107587864	0.5825410527481535	0.0010406621978888547
11857	-6.647233335166966	0.4763629854009718	0.0007081895330343924
11858	-5.298099765240998	0.3729111529213909	0.0008950143020638957
11859	-6.5177847189408125	0.06128326239649865	0.0012363589674544177
11860	-6.662790052966071	1.1308828473087216	0.0009086981498469389
11861	-6.763948403362885	1.4884758880430056	0.0009288606498994489
11862	-6.149004997949025	0.12344942588971558	0.0011328632226902692
11863	-6.564801615200711	0.25689727892867603	0.0007705075699492904
11864	-6.20721067606217	0.08892640822255507	0.0011513674271045314
11865	-6.802824040192717	0.14668422553978855	0.0012117241875948164
11866	-6.05544744324436	0.6492416260706644	0.0008513514709372779
11867	-6.471395582753618	0.5477186510773056	0.0007903009937324961
11868	-5.692707191560715	0.32487299689063825	0.0008395104921865143
11869	-6.072621155164192	0.8595958964057204	0.0009991697507673366
11870	-5.8773129019368815	0.5024268868810238	0.0008925436964912262
11871	-6.0726605900847535	0.2982324587883922	0.0009983659186383897
11872	-6.524399073235219	0.049688740835226675	0.0013020467918700657
11873	-6.830716715305759	1.1846156426080097	0.001011467171335034
11874	-6.570981054997794	0.7758501195472629	0.0009022664885113301
11875	-6.835502084498764	0.20597991323413903	0.001120538924447233
11876	-6.701201201901294	0.38354750460752246	0.0007143087172628034
11877	-6.388612419455624	0.406881660001366	0.0007769157637640871
11878	-6.708314461869403	1.0077909395224338	0.001000002772728083
11879	-5.734815680641628	0.5608284748273897	0.0009641207350060559
11880	-6.353854151239796	0.9148654863433406	0.0009130680547943632
11881	-6.435525288440235	1.1938629768103943	0.0008765183665231835
11882	-6.086428110025901	0.7607580777665038	0.0009116454643181599
11883	-5.252454158754779	0.012293097146859888	0.0013372381174892689
11884	-6.13961461503642	0.3703877375070104	0.0009003552733951144
11885	-6.414716018384486	0.06416442878371309	0.0011707331546076357
11886	-6.651229465451854	0.886874997088817	0.0009790504320842965
11887	-5.795411489608097	0.09016354511488164	0.0014193960718315182
11888	-6.259784387268755	0.4382145244629862	0.0008167832762139113
11889	-6.321003912105221	0.6964486567102437	0.0008332918338036127
11890	-6.772442432616624	1.0215308327381294	0.001034614332305588
11891	-5.395716953513849	0.03594074906829675	0.0012538916704037642
11892	-6.949080297444794	0.5567876463971498	0.001037233271606027
11893	-6.459760107868953	0.7482141572668938	0.0008671385872224289
11894	-6.555376955968252	0.1446319835234815	0.0009544103146979919
11895	-6.617713006408725	0.1383864618507295	0.0010048926300191298
11896	-6.508558885145709	0.8783408575187571	0.0009199761719463244
11897	-6.514328576090151	0.48401511451161255	0.000754002866320076
11898	-6.72412365600606	1.380505440535621	0.0008755888308130368
11899	-6.281898090843274	0.5350695203370345	0.0008025119072179087
11900	-5.861115358691965	0.42048196065611254	0.0009064106651984965
11901	-5.643766928265979	0.4669396041456572	0.0008805490050103114
11902	-5.92801301296264	0.483676778899874	0.0008871582538877576
11903	-6.242284663567683	0.9169752720130391	0.0009404716789750611
11904	-5.820298313798875	0.4198406258623143	0.00089302281664066
11905	-6.877126381850664	1.8936333161164909	0.0019074099614690347
11906	-6.567343365765606	0.8131209137046757	0.0009186889162701553
11907	-6.220671048321013	0.5844357097961744	0.0008059711856913286
11908	-6.567928497726781	0.6210762301068841	0.0008113029968569801
11909	-6.4865149759523755	0.6868362686157523	0.0008474514065187849
11910	-6.631556699871837	1.5791316392915278	0.0009119846867648065
11911	-5.484240110644498	0.11914909817679908	0.0009673335322084986
11912	-6.803252021769548	0.7484329751871899	0.0009320353255966602
11913	-5.66298990286025	0.08320783698563511	0.0012177343826472258
11914	-5.5733635659053435	0.25896722228827596	0.000808821558428114
11915	-6.485252249508784	0.697136909003278	0.0008515173739945168
11916	-6.940166439225201	1.1383806638631933	0.0012699779823449665
11917	-6.723354227400404	0.8008378649780118	0.0009519189005151514
11918	-5.790269045018322	0.9359402498465832	0.001252777699198716
11919	-5.229140776368526	0.2489149760202961	0.0008635989121729351
11920	-5.9957318361012595	0.7165313954823833	0.0009359591793272969
11921	-6.231788565640649	0.12270499133795382	0.0010426029837196683
11922	-6.705473639020829	0.5070237531725891	0.0007127605967258687
11923	-5.558574736089298	0.22950369056152856	0.0008222792959335441
11924	-6.51065508998054	1.1647112136569444	0.000880068642016127
11925	-6.93325162810268	0.7276108079382633	0.0011143661898067032
11926	-6.192540030846508	0.7912879726575919	0.0008907040955235751
11927	-6.889141123123778	1.1871846889639075	0.0011208162478724254
11928	-6.908391653286508	0.7625233241134508	0.0010931194918152793
11929	-6.0017087351312695	0.2740762375292653	0.0010649438144878824
11930	-5.739733483574732	0.5174346836275963	0.0009196330932553312
11931	-6.4927796029705585	0.83567495999748	0.0009045441132349138
11932	-5.427307154511629	0.3378385818975997	0.0008146485793130186
11933	-6.105726087383276	1.3283133731268106	0.0012074554551714618
11934	-6.662870584814558	0.5964832648049986	0.0007705648719263591
11935	-6.487161975489246	0.38657804024097875	0.0007400750410594368
11936	-5.62521309877676	0.07910715700663945	0.0011839730344937005
11937	-6.886508272136302	1.3802268775392277	0.0011604951988833244
11938	-6.254600405427788	0.4951384960301806	0.0008088778968949424
11939	-6.729260751381465	1.1383553261916137	0.0009343036874556568
11940	-6.111777440029706	0.009309778867936824	0.0016762831850727707
11941	-6.748591571594047	0.803716803246981	0.0009623355228648792
11942	-5.793900620667457	0.42037061848739177	0.0008831667126618345
11943	-5.149537887473187	0.18970535801477148	0.0009519614810101878
11944	-6.747807560599723	0.15703234427639162	0.0010784982675054377
11945	-6.043627337212614	0.18265859550678684	0.0011600109582332596
11946	-6.7226211344831	0.7459201778268844	0.0009006768435587335
11947	-6.341815604055167	1.0106751094544766	0.0009238697950547806
11948	-6.860868715512705	0.20665926801892426	0.0011898863424400132
11949	-6.472119593017852	0.5081075720265124	0.0007753341842707575
11950	-6.671278871223267	0.5683309284150342	0.0007485945795947607
11951	-6.741017725888793	1.1373858872004718	0.0009421947244925233
11952	-6.121604477303457	0.4156591793566757	0.0008820564378930512
11953	-6.219086568735615	1.3282159755142164	0.001000925142892734
11954	-6.280161487181262	0.4286248846878498	0.0008114798655380142
11955	-6.894660455964253	0.7494821686143169	0.0010474474622041248
11956	-6.106589920242865	0.9798768848724924	0.0010404848952290967
11957	-6.182842566521899	0.6832330436165364	0.0008300994365960107
11958	-6.894767411041236	1.0511412260862205	0.0011804285520349957
11959	-6.601198421216398	1.0635017375412201	0.0009245749659019832
11960	-6.6635810988410995	0.2949567475223238	0.0007581393303651706
11961	-6.608581100412747	1.4029524716240092	0.0008297847607495483
11962	-6.440766288326983	1.2578016154238547	0.0008572973447946344
11963	-6.0494752301508	0.9042975704687533	0.0010470309298717102
11964	-5.852447429847111	0.6401337598264119	0.00098399613121165
11965	-5.776651869350618	0.9392318137064558	0.0012608020772195351
11966	-6.913462550382041	0.672068914814277	0.0009985314641746735
11967	-6.127743777730749	0.5851172971205745	0.000815330752468644
11968	-6.754752815689171	0.7776741763141909	0.0009396358350311402
11969	-6.899272922285946	1.6706680269393281	0.0014115057098747562
11970	-6.852291756405552	1.3650705360422388	0.0010588679805251934
11971	-6.887681662900316	0.5585613533908144	0.0008723473319987743
11972	-5.7614415904692935	0.15647763775663798	0.0011154852017757338
11973	-6.344767791066781	0.042324347641592625	0.0012574303457512643
11974	-6.994175630011557	1.3752387801267665	0.0017292531919937276
11975	-6.508427029170631	1.038098467662885	0.0009130150685217135
11976	-6.038947801721875	0.036987863091269065	0.0016702986267750396
11977	-6.712778457784923	0.4059864573441925	0.0007106410251683431
11978	-6.18244639555804	0.2257917126485071	0.0009508941184264601
11979	-5.72159164763831	0.7695096450272604	0.0011772314023608694
11980	-6.3679272410884	0.7308422722553782	0.0008492548224907641
11981	-6.154896363675857	1.498479686823118	0.0014694057814780438
11982	-6.729819914510604	0.3889272886800563	0.000725276521685835
11983	-5.666013513027507	0.8071186984381128	0.001218475864055964
11984	-6.536671197810179	1.4372431065175604	0.0008321974548405348
11985	-6.431297892244875	1.3174372966486756	0.0008451179611406846
11986	-6.798847128112106	0.9144086889923971	0.0010663537023705492
11987	-6.584947886198202	0.48069500202468624	0.0007274975075995987
11988	-5.7635105596641525	0.20481309412499582	0.001014995518555928
11989	-6.63720911531417	0.06231304742703285	0.00132366347830461
11990	-6.3051703546410645	0.8534542958458432	0.0009009811483279895
11991	-6.81289670244729	0.7207255475964732	0.0009080339544511151
11992	-5.546663774982422	0.9034490954615302	0.001450532576707476
11993	-6.563167140578317	0.19009135245321987	0.0008597982324796911
11994	-5.3006075238560495	0.5248026477027363	0.0011506535416356605
11995	-6.308929332900485	0.37690697504445325	0.0008067773459261679
11996	-5.937604030317272	0.675518783747081	0.0009478940231671168
11997	-6.511034678449941	0.038552119504737165	0.0013572087317345535
11998	-6.7232839227113335	1.0505211330255324	0.0009855878118843803
11999	-6.7630711011541	1.310325224694838	0.0009105963192048303
12000	-6.14255208630094	0.31462989701620286	0.0009306917237041085
12001	-6.363554718634121	0.47463586112328393	0.0007893547257501156
12002	-6.853130260975562	1.1734994615196994	0.001050250495961153
12003	-6.8252262650751865	0.27913003430137007	0.0009568971047555359
12004	-6.594039613703148	0.49650480820157594	0.0007310105802559179
12005	-6.645244120026872	1.2695631077728045	0.0008571748987247352
