id	mu	w	weights
4002	-5.8909456445289194	0.8848620929192221	0.000895327881722247
4003	-4.991119042827757	0.9015979911391826	0.0007955412408770312
4004	-5.078009784811998	0.8691342094445382	0.0007280533418793162
4005	-6.951920877327192	0.8776935068318124	0.0015442000747916678
4006	-4.7298710262288175	0.846836020216078	0.0007202854785483974
4007	-4.481864855554888	0.9355350297062115	0.0019607148495367375
4008	-5.381948338805076	0.9652588843858916	0.0011181958705868673
4009	-4.011800658013597	0.6882174028630043	0.0009037234190614468
4010	-4.886668808185542	0.8822203528061705	0.0007581734729235778
4011	-4.995820497695015	0.9462521640934091	0.0011049900609906348
4012	-5.030686803723719	0.9347445607939628	0.0009680573859470325
4013	-5.082840669139307	0.9248398291770942	0.0008788270542519243
4014	-6.760228760418884	0.8858935827331014	0.0010043027791923902
4015	-6.893915841985298	0.8954563328518094	0.0012135465588576362
4016	-5.318486930429489	0.876175540440119	0.0007438214828248616
4017	-6.363940135750174	0.8698975729217524	0.0009096267415431481
4018	-3.8089772984350407	0.5662401263262409	0.0011979636416550984
4019	-6.682797009358713	0.8677028235532573	0.0009936044136210109
4020	-4.641034182637955	0.8729826220982573	0.0008319377129788507
4021	-6.265868406060069	0.8731640538962216	0.0009409114221227856
4022	-4.7299384423020525	0.8294227457407837	0.000708468651275016
4023	-6.346946854720957	0.8776335454928154	0.0009075648010078031
4024	-3.91008043584067	0.6416829931434749	0.0009775477549291362
4025	-6.595709307531432	0.9257446238669775	0.0009312607331715896
4026	-6.469541671053862	0.8625746545306958	0.0009103302822525878
4027	-5.334441628605384	0.8132036700876665	0.0010151098512252072
4028	-4.348371416000702	0.7579481332842068	0.0007523152506816539
4029	-6.490413781251589	0.8308120659630904	0.0011073038907611493
4030	-6.537323253568868	0.9008042953460995	0.0008730052148002149
4031	-5.0088323071188405	0.8330865898627385	0.0007522746856453683
4032	-4.435352108585402	0.7855712663589277	0.0007316264275184226
4033	-6.0536743347800765	0.8938068735608488	0.0009494001622371177
4034	-5.526132436682311	0.9398024505162392	0.0008850688552566377
4035	-5.874771571845292	0.8948899077730981	0.0008643650212753154
4036	-6.585600154045177	0.8557506994661931	0.0009769509722525843
4037	-6.262562152863733	0.9402615103949168	0.0010853079157292953
4038	-6.9461665689974845	0.8895345579132956	0.0014098271217808209
4039	-4.6890869460663716	0.8559436764131787	0.0007486774147884007
4040	-4.322134634351328	0.8386894380459525	0.0009411901735530377
4041	-3.658641776439352	0.3729686486460609	0.002290565340593591
4042	-4.330608664063004	0.8138890664838319	0.0008254195445211276
4043	-5.452763088318877	0.8790750547644737	0.0007492998505748496
4044	-5.1020800627210345	0.9115143794239319	0.0008119539299684378
4045	-6.019193111112513	0.8666229719599845	0.000999412182689669
4046	-5.4069298717590755	0.8717144482825927	0.0007524121709982539
4047	-4.8944523728612435	0.8290842439224154	0.000728999146507008
4048	-5.641526769046417	0.82899301051368	0.0010730912630140927
4049	-4.34563143918348	0.7519610623354339	0.0007573667980031228
4050	-5.220877914504823	0.9197440867193653	0.0008317941954576267
4051	-5.462083061960113	0.9137676595685164	0.0007854920791883105
4052	-5.669944712856359	0.8903935739607337	0.0007786103019462795
4053	-6.500441757157508	0.9164271953844425	0.0009150452570508647
4054	-4.123152044990015	0.7003150218987397	0.0008350384219517881
4055	-4.1586026724117335	0.8194156614325726	0.0010994586807900092
4056	-4.072457910601646	0.6931755304509609	0.0008600717010469452
4057	-4.526081445042711	0.9032972196956285	0.0011912026641694522
4058	-4.304425724156111	0.775661412299924	0.0007679197510318969
4059	-4.779194018569365	0.8786446214164894	0.0007826296284919978
4060	-4.892250371799773	0.905580833489495	0.0008498788968911485
4061	-3.799257850248843	0.5419932753490223	0.0013401845135278367
4062	-5.872649285041617	0.9580277883544264	0.0009629526606802713
4063	-5.217305946776657	0.9249871589419965	0.0008550251950128787
4064	-4.153970805913589	0.7702847891226479	0.0008768960562795915
4065	-4.6391414555061266	0.9157011217242891	0.0011674356695787777
4066	-5.249977481248846	0.8284267422431761	0.0008559084123453211
4067	-5.770875222426191	0.8965721592085	0.0008091991505716804
4068	-5.167323507445241	0.8835148982695962	0.0007426626034561663
4069	-6.748806719708598	0.8986953955334827	0.0009584157321468904
4070	-3.9915106910201046	0.5814055323374143	0.001190090073973727
4071	-4.154454460532498	0.814383844832141	0.0010718542791261208
4072	-4.6208766406273325	0.8881475150375666	0.0009334198646815706
4073	-6.462640198869035	0.8897441009361795	0.000874458522187584
4074	-4.961422502596475	0.8603705207251284	0.0007174500157164453
4075	-4.9093119772087945	0.8341339678570393	0.0007243986969877985
4076	-6.441725598929033	0.9016597605240745	0.0008933902741403224
4077	-5.560597033138785	0.8983254493004562	0.0007545122433854084
4078	-6.584799845607586	0.8666341889934946	0.0009245632821176801
4079	-5.776801687072223	0.8971191557414345	0.0008111446974568307
4080	-4.056865482161494	0.6821460293168764	0.0008696925563700152
4081	-5.18040172191759	0.9400013066975963	0.0009472615819707332
4082	-6.090023913047337	0.9240371161210781	0.0009723394744800711
4083	-6.6322985354575845	0.9054800404427752	0.0008860383718506933
4084	-3.729863249936438	0.5634632985017661	0.0012794132950059954
4085	-4.605275998137268	0.886937142777479	0.0009392844227992083
4086	-6.001916257326858	0.9294668822882126	0.000929420843454482
4087	-5.872218448715583	0.8994240759182663	0.000855865710875376
4088	-4.721122373240673	0.9128069613366127	0.0010347000015695747
4089	-6.3032197918622375	0.8906901715980866	0.0009266886785797111
4090	-3.7788927781580726	0.5156837759844416	0.0015483852421190264
4091	-5.48978012745916	0.8525415657748081	0.0008234642797450646
4092	-5.1110029910794355	0.8287152143008898	0.0008009623319016312
4093	-6.664923113745561	0.9093747877573007	0.000899931136922395
4094	-4.585629951744206	0.8192487715953133	0.000718288536246214
4095	-4.639386085716734	0.8625138298628838	0.00079004686853074
4096	-4.525082285408574	0.8132194945397766	0.0007261316005256626
4097	-4.287995088573279	0.8478826893863479	0.0010565404715254239
4098	-4.757533237497257	0.8570598913292458	0.000730995107388993
4099	-5.177694989904728	0.83672033057449	0.0007932080503268849
4100	-5.859951931682279	0.8627708733894379	0.0009617326687781392
4101	-5.017160602518407	0.9477660196943191	0.0011030064782930644
4102	-4.196849715653831	0.7405868472584971	0.000799928787512372
4103	-4.869001385698125	0.8372864146799524	0.0007141380468000043
4104	-4.68590744994908	0.7940047533546654	0.0007456468110953248
4105	-6.644556458840735	0.8227250738844011	0.0013799833095780832
4106	-4.843117294542083	0.8788641848267532	0.0007604212716034916
4107	-5.873271364950863	0.8682588401541594	0.0009433106208745912
4108	-4.238324346709185	0.8290476524917494	0.0010081982455199126
4109	-4.320960301334606	0.7531166016577803	0.0007586909426403916
4110	-3.716782788599606	0.5073958987857607	0.0016183445371636379
4111	-5.699938658183944	0.8855755028440125	0.0007974952889132344
4112	-4.289158004827623	0.7570594676118277	0.0007650598088053303
4113	-5.5606640410002015	0.9042448531093258	0.0007594154382046394
4114	-4.4691772469564555	0.817934985946944	0.0007512553705327175
4115	-6.651069867366389	0.8661078032538893	0.0009712427421298455
4116	-4.046357924678802	0.7721018739629673	0.0010575502325195802
4117	-6.0008175915057445	0.8951268767436016	0.0009284750937027233
4118	-6.224549227273949	0.8678326832219712	0.0009633131449530061
4119	-6.591992360818321	0.811000535702185	0.001484879397303221
4120	-6.951094534958213	0.977866104095121	0.0014995704234057434
4121	-6.40987359883373	0.9289431069865723	0.0010016284248143934
4122	-4.373682840919958	0.8293824701998053	0.0008425195283757842
4123	-4.442891085995723	0.7527489346636543	0.0007697352702992411
4124	-6.28934725983338	0.8861366474849024	0.0009287450633569785
4125	-6.935628872902561	0.9922304843657	0.0016567389285219337
4126	-4.466344487639245	0.8126391697841912	0.0007436402804048005
4127	-5.885891211572638	0.9498148395589676	0.0009246253434319853
4128	-6.753462813667585	0.8552908881077635	0.0011873580135370156
4129	-6.982914118920025	0.8398474000436156	0.002474012559767133
4130	-3.5602182304189327	0.42888119273784053	0.0024071981150727323
4131	-4.525416445747597	0.752639841599322	0.0008092919296844615
4132	-5.9728695449456035	0.8738882682716739	0.0009646627893157244
4133	-6.726390782474388	0.8772184658263232	0.0009967900870376373
4134	-4.390762327564396	0.8728070112900246	0.0010919579732125376
4135	-5.966843498549421	0.930594176144665	0.0009100361712803677
4136	-5.658041165746436	0.8544202524058376	0.000892630844619354
4137	-3.297741432577719	0.13674722503831166	0.0036917196871587795
4138	-6.275457833694539	0.9566696001858038	0.0011871113075271977
4139	-6.554448400794063	0.9214591435607153	0.0009204026101405187
4140	-3.9629351515589137	0.7045754564278106	0.000991464221571234
4141	-5.039474692475977	0.8019452879321616	0.0009135840766197073
4142	-5.90628753311213	0.8544338304357955	0.0010260953321727983
4143	-6.484319804936611	0.8983064055420252	0.0008771480711226968
4144	-4.420092634154085	0.8182128019710941	0.0007758582698832109
4145	-6.368056023288959	0.9261522986065978	0.0010023800847048126
4146	-4.492691504944991	0.8250287784815727	0.0007549342490517398
4147	-5.266182345840994	0.859471343437599	0.0007541258830549137
4148	-5.281790650457409	0.8462005712426308	0.0007886322198136839
4149	-5.762490626941124	0.9501579822295174	0.0009060653358501842
4150	-5.641505769159506	0.8704830436131721	0.0008137058116181194
4151	-6.350363778578546	0.9572860115746163	0.0012079442077768492
4152	-4.859867850219848	0.8527875962291933	0.0007125584880794725
4153	-5.698085951179054	0.9466014615980558	0.0008900132935313111
4154	-3.994497141747885	0.6605860673090198	0.0009095776311217192
4155	-5.319390495406739	0.9537883435165594	0.0010232816715483814
4156	-6.72321551369476	0.9051473262847946	0.0009304106747202669
4157	-4.615742900744899	0.7937302762125503	0.0007279457002904839
4158	-4.0044101746963925	0.8049131540036322	0.0014602555036167322
4159	-6.706901939016633	0.8963488300977137	0.0009246246865497453
4160	-5.020236013432107	0.8549921608680958	0.0007232821088369995
4161	-6.39422892398614	0.8873996336467481	0.0008915309636768652
4162	-5.114088810253589	0.8353059847186384	0.0007785120540774145
4163	-4.048782763466568	0.7621041041895511	0.0010087574786215672
4164	-6.911761212827229	0.9203417072511071	0.0011827771235822264
4165	-3.9133932705656482	0.7146336901186774	0.0011221102513879044
4166	-3.49118004598915	0.47374198611046126	0.002368764522092867
4167	-5.232121653489855	0.8599786506135468	0.0007489851168808948
4168	-6.497787442002994	0.8760032400004056	0.0008791074718891466
4169	-3.5035477243568214	0.3934880943944393	0.0026587027806783494
4170	-6.9982850563707535	0.8963992775235959	0.001562915578807635
4171	-6.573153299450775	0.8781522963692299	0.0008860987838417511
4172	-6.629840196875795	0.853529014248314	0.0010261243964284452
4173	-4.968273338071829	0.7861037254002029	0.000987810850313296
4174	-5.451300186173465	0.8843633811937681	0.0007466893457757603
4175	-4.538986173526885	0.8987606111573857	0.001118981307222654
4176	-5.127330869456262	0.9423545709191077	0.000982016119858485
4177	-6.247851903563897	0.9196058491768053	0.0010007709149552704
4178	-6.067016211947737	0.8748856267762397	0.0009808821121208057
4179	-4.647147232770498	0.8869663738549645	0.0009032507265778017
4180	-4.832655267517966	0.8620029198686496	0.000724930863892874
4181	-5.467813729237189	0.8922845322044152	0.0007484929008688575
4182	-5.8863970770813605	0.9229544624247915	0.0008571243471045603
4183	-5.139305718682317	0.8801676462830859	0.000738370165922796
4184	-4.542703552874152	0.7484340528932616	0.0008411980023188133
4185	-6.785248798822026	0.9297050803069545	0.0010061662794014783
4186	-6.6299698937942795	0.9196354508429653	0.0009111328818483004
4187	-4.492609544553165	0.8943735182538987	0.0011427475867806043
4188	-6.701797780395109	0.9907484942848006	0.00154064320342213
4189	-4.661098847476071	0.8383939337330568	0.000723008134877785
4190	-5.919571983288422	0.9454540822986615	0.0009209951894239848
4191	-4.464625504341272	0.8574749829184318	0.0008889463958252683
4192	-6.4260737078207	0.8554391575369252	0.0009357759970782915
4193	-6.085023800089734	0.8411272717088657	0.0011056783454552281
4194	-5.834171194591741	0.9325917589290387	0.0008501328446426941
4195	-5.40494266173983	0.8704260820676091	0.0007538711455083762
4196	-4.225205688971098	0.7465188018649778	0.0007879764582344096
4197	-5.999903818143266	0.8844671896123076	0.0009461636155548949
4198	-4.224441827709238	0.8236196106681895	0.0009975574892482674
4199	-6.637797808990737	0.910107650326341	0.0008926461113901094
4200	-5.2508051032540415	0.9387272769301063	0.0009253430720654966
4201	-5.906677730516276	0.8508850219176526	0.0010469192205350558
4202	-5.822624852239115	0.948308728044754	0.0009015646638966388
4203	-6.921043940995775	0.9285920988892474	0.0012003242151330466
4204	-5.709446707001175	0.8707050301696686	0.0008447597322164596
4205	-3.84000441231594	0.6062886882247063	0.001063232901537373
4206	-4.226996156481356	0.6938491238123746	0.0008467330113497665
4207	-5.070375743922447	0.8315644664702787	0.0007762928146298098
4208	-6.4143673986339484	0.9455554023970026	0.0011046639845551153
4209	-4.455500923592674	0.7845522542371071	0.0007289849576025073
4210	-5.2926301207633175	0.8031223890065193	0.001093306422035703
4211	-5.153945172961632	0.8707244279263476	0.0007345866233848235
4212	-4.875104830763437	0.8542246181969912	0.0007130920646580698
4213	-5.2845611117104445	0.908494990624876	0.000788697107300337
4214	-4.281466085861286	0.6764036331229143	0.0009649628638381367
4215	-6.976275534158369	0.8779762339384968	0.001650500813305481
4216	-4.79739500987007	0.7949543467668171	0.0007927210404430224
4217	-5.63641177074659	0.8078389770023073	0.0013313665115879047
4218	-3.4840604094140275	0.3491455183827883	0.0025953408078532836
4219	-4.7157826038756	0.7586705954337877	0.0009516670367624473
4220	-6.574631671043904	0.8827318844988983	0.0008784147733700409
4221	-5.022675354664851	0.9438174785734781	0.0010558323995182748
4222	-3.8760050025501593	0.6218307046700582	0.001014829445668007
4223	-5.416789397842637	0.8230498545150459	0.0009761742981754898
4224	-5.54442445175887	0.9044490126285938	0.0007595447541524228
4225	-6.8120466725235564	0.968778855414938	0.0012496996177163479
4226	-6.883449216561951	0.9146919027983572	0.001130330362260275
4227	-4.995375558853329	0.9113730236550436	0.0008360666401148858
4228	-5.144899445673421	0.942719994454419	0.0009781715901762515
4229	-5.130125847109015	0.8487026686045016	0.0007496197620928523
4230	-4.478327628139533	0.9160587547023744	0.0014915255853866051
4231	-5.081999183539395	0.926986725508265	0.0008915811152117529
4232	-5.433052372940619	0.9487983607244322	0.0009653766366604047
4233	-5.989147667120913	0.8450917301567833	0.0010972756405345668
4234	-6.69025825529075	0.9066270039408962	0.0009094524851799823
4235	-4.098054881550361	0.6757144250995581	0.000862245986219479
4236	-5.7949077228774675	0.8449452357120381	0.0010354452416407001
4237	-6.766805554503375	0.9448348423891773	0.0010508718821916623
4238	-4.08282994023034	0.7375455332022128	0.000890263303099924
4239	-6.221443587007668	0.8053358757012159	0.0013709581039196715
4240	-5.074150904603131	0.8812837348650164	0.0007376967156436831
4241	-5.843457877982242	0.8912775837839889	0.0008544363305658443
4242	-5.652837494406572	0.9094087295145787	0.0007716495882360845
4243	-6.006048395547278	0.8163273432048969	0.0013334357550843082
4244	-5.791187308539053	0.9270623606917812	0.0008250474949354338
4245	-5.427104367994746	0.859379394955166	0.000780616019162281
4246	-6.576382336431149	0.8338859359640142	0.001141332943470803
4247	-4.886077746940708	0.9053488048981735	0.0008517733589360408
4248	-5.673979286197158	0.8943515979678506	0.0007755646496518056
4249	-3.658824472362814	0.40631968632163273	0.0022933293555051112
4250	-4.862996280526471	0.8878655455327398	0.0007834435076690377
4251	-3.6855678032848305	0.5812664960347756	0.0013395378510894418
4252	-5.860500045163083	0.9689440810630123	0.0010383498660665846
4253	-5.704941088057229	0.9366998235574268	0.0008417399070401509
4254	-5.774191210719515	0.8863649128755636	0.0008294616307146016
4255	-4.682468795460622	0.8487630269289016	0.0007348112814747728
4256	-4.401359967952914	0.8978906404532885	0.001381489446361418
4257	-5.9556898537083685	0.9517159232356711	0.0009625127721202622
4258	-5.68918464324352	0.8403410833767542	0.00100559029540872
4259	-4.814281814434138	0.937021394372315	0.001198212984124585
4260	-4.832419705624149	0.8484435934077421	0.0007109206182253985
4261	-5.550047051933003	0.8650993076160921	0.0007968009483732778
4262	-6.821156369606248	0.9762099191225185	0.0013331833275930368
4263	-6.483952473227293	0.8361548970235805	0.001057547515761331
4264	-5.987836635323199	0.8917106386279632	0.0009278608491283351
4265	-5.596559222004439	0.920133869669018	0.0007895960317872274
4266	-5.5126923425240335	0.9104970583120201	0.0007716592841158698
4267	-6.691313375145074	0.9616164611982547	0.0011545487845578235
4268	-5.074746371368251	0.8771655591135415	0.0007330356396792173
4269	-5.035104514805367	0.8829165656191226	0.0007404407792388172
4270	-4.078940532527629	0.7876461263719082	0.001068248536268547
4271	-5.24788261287957	0.851309565230093	0.0007672034572600334
4272	-5.574737228707507	0.8881932713106722	0.0007574932566437779
4273	-5.599465734176048	0.9557635052778988	0.0009755979908284344
4274	-3.8574139755059047	0.6310371872448801	0.0010351413913263715
4275	-4.8855973556859285	0.9347992775999208	0.0010853337033946777
4276	-5.097586402142178	0.950335672035222	0.001069914831982729
4277	-4.3620941897582854	0.7734961274565224	0.0007458680055279767
4278	-6.575583916656616	0.8995949649083639	0.0008720776262255122
4279	-4.376163243642536	0.9080883659244212	0.0016604621782402645
4280	-4.984877001038015	0.8517449474408227	0.0007202002990156863
4281	-5.136441563275248	0.8576336615369103	0.000738391717183998
4282	-5.569930555147235	0.8666726569756745	0.0007985013447167824
4283	-3.9730681377820343	0.7071229630532322	0.0009807081925329194
4284	-6.023473778206713	0.9230881113809585	0.0009347079272525649
4285	-5.469737575217495	0.9314508050439035	0.0008525564958331896
4286	-4.374233776004552	0.8224252884815263	0.0008176785300999541
4287	-4.972332413917367	0.8253921224529351	0.0007610852482523811
4288	-6.791908342908408	0.9492346239718821	0.0010897741103835844
4289	-4.938882523684062	0.8914738531259985	0.0007731440178016331
4290	-4.595282771674856	0.8514287790171795	0.0007752304662416986
4291	-3.4290672914162426	0.18777564358885304	0.003263951463390119
4292	-4.66290975612118	0.7923488057661752	0.0007423043662976717
4293	-4.242352003980135	0.7810121881905486	0.0008149745060575893
4294	-4.760999723564685	0.8379451443307879	0.0007090818207968228
4295	-4.15696435363521	0.7401103589172869	0.0008244389667337426
4296	-4.56667621896724	0.8742495439789436	0.0008927452759100872
4297	-5.8948186753559035	0.8674595581041136	0.0009571673067422898
4298	-5.976939320475015	0.9071039322521692	0.0009055537152315423
4299	-4.08185650529506	0.8023826064295461	0.0011602281299788522
4300	-5.6819643628677	0.9122035180832812	0.0007788504241630009
4301	-4.373225589932486	0.8344322916786909	0.0008633812953142036
4302	-6.72074723898962	0.8164222118353103	0.001685184309720421
4303	-4.512648323908318	0.8112042859824449	0.0007273703907116953
4304	-4.4718149338171385	0.7955556053876331	0.0007268581817687544
4305	-5.348863408277761	0.9099450683092333	0.0007877478318210341
4306	-4.056687764327381	0.5831030180311984	0.0012931660254726827
4307	-5.419569161418348	0.9529781592062923	0.0009998880249557874
4308	-4.820923947031301	0.8659987253277011	0.0007342486539553186
4309	-5.43160553970013	0.951934249199508	0.0009893387728277252
4310	-4.6884662566626485	0.8587037981163064	0.0007560999146849871
4311	-6.414225453391252	0.9426062072127764	0.0010833889482125482
4312	-4.810520141870566	0.8561039993668169	0.0007196117891508145
4313	-6.5287252394192254	0.9349504800060756	0.000990694027478456
4314	-4.263388983702282	0.7287029834315624	0.000785644482290655
4315	-6.4237674038492205	0.9193185169747423	0.0009519147335182935
4316	-5.948504155289007	0.9144610818758726	0.0008875285755504113
4317	-3.768193109180126	0.5518287229699095	0.0012890292583695002
4318	-5.677456007862589	0.9134765573440164	0.0007796181589425229
4319	-4.102228496201959	0.625155039475481	0.001032220534898883
4320	-6.525222215132111	0.8974876657640739	0.0008705244938640609
4321	-5.730590078001731	0.9071536347222244	0.0007874471618860557
4322	-5.735823559924362	0.8931888396935925	0.0007988663758655934
4323	-3.815207993290493	0.6708066838439607	0.0012121501109053255
4324	-4.145092372383111	0.8071767362043678	0.0010438755008746422
4325	-5.006076038837071	0.8283602766282085	0.0007641561317156709
4326	-3.3959178432268633	0.22214322781178195	0.003319090802330876
4327	-6.609120486141259	0.9294468482719932	0.0009455581278033079
4328	-5.348835034634073	0.8364122770028998	0.0008505208514308474
4329	-4.09280581054272	0.7227684176563397	0.0008599876463698585
4330	-5.722099602688856	0.9107337258972757	0.0007862151196598668
4331	-6.781896101197426	0.874063655245962	0.0010948561893116856
4332	-6.149805603277081	0.8658872869798918	0.0009912472101560015
4333	-4.176235132568189	0.7120396948864076	0.0008127122522616617
4334	-3.589138037406608	0.46734111676041235	0.002092119843326045
4335	-6.533769899953198	0.9462948035653707	0.0010646671533271169
4336	-5.714846326985498	0.9182177099824743	0.0007922677031525894
4337	-5.989330080119854	0.9462947966612402	0.000960996392285572
4338	-5.796548754458523	0.9051814817926891	0.0008125429587586365
4339	-4.335679940369987	0.8636844790980873	0.0011051336060891811
4340	-5.939617347980654	0.89799347399226	0.0008944900228295597
4341	-5.846140207276303	0.8829648833409381	0.0008764550029301376
4342	-5.529234820233135	0.8821096303325964	0.0007555301547362171
4343	-6.440716304476133	0.9237839413923675	0.0009646668677471962
4344	-6.3224915252084894	0.8991225683101447	0.0009310051474073669
4345	-5.432042214372968	0.9157296912533337	0.000795495343958732
4346	-4.700032649236599	0.8063311043330137	0.0007237939569001439
4347	-3.6977129528905546	0.2724020495030685	0.0029943657454586606
4348	-6.353759852224815	0.8707841174093398	0.0009115356224002842
4349	-3.5749393333529578	0.3379781568615234	0.0023459753434853957
4350	-6.338307178583615	0.8898601786281604	0.0009129261043916121
4351	-4.659717793353729	0.8666987296118511	0.0007948842934200869
4352	-3.8452640136078493	0.6633527976231803	0.0011113856688006912
4353	-4.783542689461185	0.8909122452955387	0.0008324872359616958
4354	-4.659718742727769	0.852043952617023	0.0007495600099649468
4355	-5.258280437100288	0.9693080432680056	0.00119788230738126
4356	-4.953154108757881	0.9187226056067878	0.0008955108776098379
4357	-4.787666346544506	0.8388067403615819	0.0007085938404438573
4358	-5.2284091722449855	0.8608811044919622	0.0007473915898667346
4359	-6.150773282220181	0.9172544471842144	0.0009850089908142671
4360	-4.555576776019686	0.897624441254162	0.001084028600083053
4361	-5.11802559242537	0.8719057494329279	0.0007320103891094222
4362	-4.921391454067867	0.96306305658684	0.0014668476603979324
4363	-6.458716861843109	0.8796841820824585	0.0008772784454092558
4364	-4.949837907523804	0.8491194388587026	0.000717037956062114
4365	-4.261304406434525	0.7884445042155315	0.0008151202496218059
4366	-4.425017902395167	0.7950371631148422	0.0007379411346609089
4367	-4.070947456352257	0.7095157328884106	0.000867426215015749
4368	-5.171854118036263	0.8563728793373527	0.0007451924939961878
4369	-5.340889140407546	0.9635771945310312	0.001109120233257373
4370	-4.942361960897046	0.814668759497376	0.000785483713938559
4371	-4.667718758355197	0.9090344720981298	0.001057630524653255
4372	-6.7726366514872165	0.9710795983910782	0.0012568116271659453
4373	-4.983556543607871	0.9082610843421131	0.0008253394044440451
4374	-4.808846306127363	0.8882454170291505	0.0008072510702545317
4375	-4.760318020018448	0.8549308233639394	0.0007265453669633425
4376	-4.026721036546958	0.7337992198196566	0.0009581258563843128
4377	-4.952118317467336	0.8629151206362126	0.0007184152472223305
4378	-3.932194756744191	0.6180600574955764	0.000985816627959321
4379	-4.148493710273897	0.7671654233103863	0.0008755244775592747
4380	-4.438160973650434	0.8046086311786875	0.0007431555099256037
4381	-4.070273570310669	0.663347375631641	0.0008822127916930212
4382	-5.832815945493619	0.913940494941828	0.0008269644506821775
4383	-4.197122733788856	0.8443393654208289	0.0012316877738498063
4384	-5.657227314353734	0.8465792667600571	0.0009399618960177703
4385	-4.052237285458956	0.6365681231372855	0.0009423472912787561
4386	-4.658511929317776	0.7545943427786154	0.0009162573620236669
4387	-4.645158050726739	0.8807334779017377	0.0008682088083569036
4388	-5.8910857141032595	0.8401165043408203	0.0011153499777690392
4389	-4.452115390448858	0.7806371962252406	0.0007307110685652702
4390	-6.178410000431375	0.8671037003127894	0.00098045953222155
4391	-4.960118347625834	0.8748567809671468	0.0007311111152104263
4392	-4.266468632224122	0.7930995581310685	0.0008216206533440365
4393	-6.851389733568809	0.8676453390874556	0.0013006247359280039
4394	-4.71667034852394	0.9104295706645869	0.0010173556377945999
4395	-4.657237068572901	0.9407610005688046	0.001540968655114823
4396	-5.262928160795138	0.9539575507563415	0.0010358922971302335
4397	-4.764786523911192	0.8194685050057037	0.0007168032425163352
4398	-4.469837000345915	0.870078202769215	0.0009601478161565648
4399	-4.764055067686035	0.7818576734741743	0.0008356404430599023
4400	-4.576058074377666	0.921933101102093	0.0013642931074116257
4401	-6.488624536710502	0.9241474014108678	0.0009489092523148389
4402	-4.814533213171272	0.9207256489006659	0.001014210224485444
4403	-4.660018957675711	0.8981114427815838	0.0009700426013971453
4404	-4.889999222390569	0.8278701329573133	0.0007300561750868967
4405	-6.668850730288772	0.8451939529655672	0.0011405448137575534
4406	-4.740117620616142	0.8356542797143922	0.0007093119797721445
4407	-4.716564973793228	0.894311147567005	0.0008951773097370649
4408	-4.300008588639794	0.7930937867743207	0.0007958493057678267
4409	-6.538441519766631	0.8531997454247267	0.0009658547429771387
4410	-5.3281433717245825	0.8941859056878383	0.000755315415538512
4411	-5.0557281132228695	0.9073971587840867	0.000803706758223039
4412	-4.204941799792313	0.7140098022134851	0.0008062156773058945
4413	-4.761989005438639	0.8669041609136888	0.000752237291429905
4414	-4.432458654489602	0.8212022512456431	0.0007761158001378016
4415	-4.743442748754137	0.864939446964452	0.0007531589662922058
4416	-6.941888458489773	0.8911343255310437	0.0013825902981894741
4417	-3.5389557749880085	0.14011945850350288	0.002903522132518405
4418	-4.950832375652968	0.8978714808593101	0.0007921897155317128
4419	-4.635250622264132	0.8513569759840468	0.0007572433338055263
4420	-3.9878421185955726	0.7767055151833204	0.0012424079659880745
4421	-5.473452386302371	0.8815152827931528	0.0007493450122899877
4422	-4.992428130032603	0.8976442495185898	0.0007813195692565229
4423	-6.801031915137714	0.8929207932120494	0.0010379330771806059
4424	-3.619459714937097	0.3447198950406994	0.002309066466838453
4425	-5.712709469790386	0.9403745020762563	0.0008573389011904595
4426	-4.6890256599864655	0.8464596658275818	0.0007287579061717558
4427	-5.014682689073787	0.9384761444860291	0.0010100765953751794
4428	-6.6659812054367675	0.8346631404847962	0.0012512773231553608
4429	-4.628663531881459	0.8688720362500014	0.0008212178767259403
4430	-6.95099224711878	0.9517413447668731	0.0013147677613859464
4431	-5.185585511600795	0.8828944271087105	0.0007425863850973874
4432	-3.93204530242802	0.5882065155965778	0.0010933964290953005
4433	-4.583087178183476	0.9383246981790252	0.0016773996850864737
4434	-5.35594297481103	0.8674280950154484	0.0007527957117808544
4435	-3.8204045496830523	0.4923736505191538	0.0018314290581149474
4436	-5.474756114551748	0.919938972314722	0.0008033795086573795
4437	-4.6289027192543335	0.8440020853705106	0.0007420476429803631
4438	-5.893971468046441	0.9658243847516088	0.0010188456572373312
4439	-6.388252902810183	0.9138164353324723	0.0009448394118861323
4440	-5.382003078451875	0.8850397291923996	0.0007455070061525034
4441	-5.918943713774056	0.8754026381022829	0.0009379776987437943
4442	-4.158963318856739	0.754399490529163	0.0008398403044385873
4443	-5.210771436695923	0.8555690445830897	0.0007524124667786382
4444	-5.438726663730463	0.8764476636305231	0.0007503139023753632
4445	-4.843915682588623	0.8421720670574848	0.0007098143975476879
4446	-5.766824396697232	0.9159480996038808	0.0008025685144189556
4447	-6.295875485276142	0.9203200148247974	0.0009970415861198687
4448	-4.861874734333748	0.8481141332809076	0.0007106945679553683
4449	-6.782796134776866	0.9014775129083628	0.0009919397794975234
4450	-4.798798934585288	0.9246245059109413	0.0010687265174233122
4451	-6.5062768308282335	0.8491392513155744	0.0009763424249846037
4452	-3.728347547847212	0.548698969005517	0.0013376744881786154
4453	-5.3909991499787875	0.8941304488779769	0.0007522327210899753
4454	-6.335824002225547	0.8413716492716885	0.0010131940131213471
4455	-6.400239519063263	0.942504293044237	0.0010870924883549468
4456	-4.285519750424971	0.7192730643786509	0.0008031742892774932
4457	-4.883585224494237	0.9056298747580727	0.0008546026259640655
4458	-4.160243594789028	0.8068254175433063	0.0010121313755046017
4459	-6.631458865439372	0.9516450512335807	0.0010765550359506985
4460	-6.636077050966917	0.8830709484744678	0.0009014017141278938
4461	-4.775848925903048	0.8098474401054674	0.0007357148155251824
4462	-6.22614369239333	0.9098162602549188	0.0009769373902532507
4463	-5.5316944620995	0.9756174782167462	0.0012008499828897934
4464	-4.53630546082587	0.8110130576473509	0.0007218769488955035
4465	-4.293179261544631	0.737280407304268	0.0007746866045052819
4466	-5.7535675059498805	0.829279292819661	0.00114707568048871
4467	-5.367052189937541	0.8633524319485633	0.0007606175502447929
4468	-4.471504242878857	0.8501035968260034	0.0008473516603883827
4469	-4.923282220736991	0.9135185863556191	0.0008790385510025089
4470	-5.9062792576659655	0.8520187443759998	0.0010400059080616256
4471	-4.715105335497491	0.7994677919157219	0.0007414893106618139
4472	-6.584864370632477	0.913287603301519	0.0008929228067370996
4473	-3.81356580230637	0.604104060940426	0.0010947748458917843
4474	-6.168459107115877	0.890304083220056	0.0009618758313963992
4475	-4.342341092631216	0.7726946202882431	0.0007512217724564334
4476	-5.309542649718623	0.9362261117205968	0.0009029273074198497
4477	-5.577561283752525	0.9086505350902112	0.0007655754276529646
4478	-4.999232474184662	0.9045421545409085	0.0008048836322630269
4479	-6.763488429308995	0.9342400741708946	0.0010034192260055114
4480	-5.647220098038124	0.9204657473768166	0.0007896186188334235
4481	-4.402414892815476	0.7576885900158168	0.0007521228766603698
4482	-4.451613025179101	0.8011342995594415	0.0007350103874657316
4483	-6.960502018673552	0.9005811201783375	0.0013843657640868455
4484	-4.237363811878123	0.7629893182406681	0.000792054144289253
4485	-5.609702046434883	0.871796091844135	0.000796984333679367
4486	-5.287913451271931	0.846081119283662	0.0007904863813364295
4487	-6.667736887699861	0.9035919608963662	0.0008974673101710264
4488	-6.455723938563553	0.8710762713678601	0.000889205223336249
4489	-4.654982102860992	0.8344545952769775	0.0007193388399454476
4490	-3.571304770287666	0.40981417649680585	0.002428501470539261
4491	-4.942836400708126	0.886396029548392	0.0007573905378572049
4492	-6.8799376584873	0.9159496740240661	0.0011220134089913395
4493	-6.635543290556487	0.8574415381650514	0.001005789633589927
4494	-6.959556149772421	0.8727364209440188	0.0016379123450295985
4495	-4.051343906893845	0.7318408811433899	0.0009184905278278302
4496	-5.685383229997458	0.9338897754874906	0.0008309620472952141
4497	-4.823921010281952	0.7910202168817522	0.0008281310361331141
4498	-4.778360211708334	0.9254772209417089	0.0011010926906252108
4499	-5.207149048834351	0.8946849864851716	0.0007592572943083094
4500	-4.0329074405355625	0.7233044395662477	0.0009263670192270137
4501	-6.837704377161977	0.8900352596043681	0.001113188960847942
4502	-4.449203801767172	0.777265040011149	0.0007328064918410278
4503	-4.310238730167404	0.8830037143520736	0.0014094580918552787
4504	-3.7875705873888306	0.5653023850144729	0.0012137638044543739
4505	-4.827865349009409	0.8559651969018622	0.0007173615426551228
4506	-4.507322488563663	0.8139518249349783	0.0007316840006670762
4507	-4.173273316425157	0.6673013453022624	0.0009017870902137049
4508	-3.6403331750666714	0.5953570975974231	0.001508747875903104
4509	-5.174841361064084	0.9246198557333591	0.0008584194880214329
4510	-4.29238141642186	0.7574482992014108	0.0007640644471429543
4511	-4.075090048758149	0.8161841757535161	0.0013101250113195654
4512	-5.00104825038265	0.9187435921747208	0.0008729433510021328
4513	-5.644956163907203	0.9977585962431756	0.0015079068405887352
4514	-4.635248847000435	0.797555314203948	0.000725452899328917
4515	-6.531333116708865	0.9152699547226542	0.0009039986553310377
4516	-4.772900499476178	0.7637842486788732	0.00097742031382415
4517	-4.209778169908005	0.683593020878289	0.0008687604763432952
4518	-5.894296889104449	0.8634149149796233	0.0009750196813267215
4519	-5.052059752994668	0.87088297890728	0.0007271220442855714
4520	-6.247994203199994	0.9520782481768003	0.0011464658561466613
4521	-5.345598571294168	0.9051818764282656	0.0007754696103266264
4522	-5.829197617927961	0.9184835845852175	0.0008273285061170429
4523	-5.4512869028300885	0.909801120325565	0.0007761346511333673
4524	-5.7977069998101545	0.8749456402111407	0.0008760374894607471
4525	-6.802297103206187	0.9061875018083889	0.0010098543183190366
4526	-6.653221606043034	0.8644615809095133	0.0009815876087063543
4527	-5.651726853202833	0.886159371260032	0.000778911577259536
4528	-5.382560908365621	0.9013591780775152	0.0007640856677756926
4529	-5.5423029243543	0.8450072053331434	0.0008852807210542055
4530	-4.227636724445466	0.8461326674125389	0.0011695164698543581
4531	-5.876755720798867	0.835572364466018	0.001147494581725682
4532	-5.772413701173783	0.9600657803480257	0.0009699108274096869
4533	-4.455084368209976	0.820108423252955	0.0007619045090706311
4534	-5.378902140283629	0.9126130692885113	0.0007924783537388944
4535	-5.0616990327331095	0.9247221459717366	0.0008848706326852702
4536	-4.728901258682324	0.8784273939807725	0.0008053535357897147
4537	-3.3672724634788995	0.06702549090568541	0.0029828730177647437
4538	-6.810470780714152	0.991785393496484	0.0015481589860628607
4539	-4.277833900599872	0.8303929629784395	0.0009542770867191677
4540	-6.891885469136828	0.8421215900430522	0.0018216846586775399
4541	-4.691989325227216	0.893840838962194	0.0009112691357944892
4542	-6.5160127962682814	0.9405226315716083	0.0010300543838691184
4543	-5.244641434534	0.9288196969268654	0.0008706173157269783
4544	-3.829959233980032	0.5972454198629559	0.0010862268108845984
4545	-5.792974750002448	0.8777754063507794	0.0008636504048639867
4546	-4.8214331386885645	0.9186512070776625	0.0009892229172458094
4547	-6.456917796580213	0.8855527073803215	0.0008749392162794541
4548	-6.551175165766347	0.8771202522492272	0.0008827735484983018
4549	-5.16713523456526	0.8768024787212395	0.000737311526772764
4550	-6.409560469941302	0.8500239326865583	0.0009595293219457498
4551	-6.001124142931467	0.8843209881267342	0.0009468962846394832
4552	-6.675449806543143	0.853681115705184	0.0010758717981343654
4553	-4.02863863333149	0.6539228505954702	0.000901345548359399
4554	-5.356232700306863	0.9343365985700357	0.0008866074230987184
4555	-4.629640457139886	0.8432591829126603	0.000740239357541238
4556	-4.209740405669108	0.7621566192639183	0.0008095208778918352
4557	-6.01487566250617	0.9680933667381199	0.001083442166887052
4558	-6.139132733054004	0.8987831079015524	0.0009640158955783838
4559	-5.065807722307811	0.8518718741084255	0.000732803759296081
4560	-4.333397473501802	0.7724173891932854	0.0007540073704306571
4561	-4.2584378599540935	0.7609198343823506	0.0007788105513880447
4562	-5.282148312650376	0.8754648919583559	0.0007425346978907144
4563	-3.812736841414907	0.551163197091251	0.0012792114371388914
4564	-3.8145920244755893	0.6801935892095983	0.001253850506399048
4565	-6.545212294511716	0.8836713117985213	0.000871995232310936
4566	-6.110905753266321	0.9619574572081604	0.0011132419956994934
4567	-4.283620737402746	0.8360912342166165	0.0009798554369723135
4568	-4.169525453562649	0.761555120092763	0.0008419597646383868
4569	-5.24672141491134	0.8686120287903158	0.0007425383727604136
4570	-6.075311478527375	0.8119217657423716	0.001354354312111491
4571	-4.428620049238814	0.9158905931063951	0.0016434972463325308
4572	-5.008892565729638	0.8771696233980801	0.0007324309101456612
4573	-6.050436103346767	0.839998171357464	0.0011216535900462042
4574	-4.793104854684693	0.8396460105060886	0.0007086899052196865
4575	-4.642730490774945	0.8263107642454469	0.0007140639552163342
4576	-3.863539897470449	0.3447678024445122	0.003054351836812503
4577	-5.0246874437119935	0.8372845587596085	0.0007471157557952684
4578	-5.588123283882818	0.9203572685415302	0.0007907479721416001
4579	-4.9337233887680405	0.9111477892901026	0.0008599422013586002
4580	-5.244126574979359	0.8703649705262065	0.0007415503755352765
4581	-4.08045120053196	0.7469942229505379	0.0009122981669356454
4582	-5.0884263532537295	0.8916136296735847	0.0007549037650492882
4583	-5.00743478869001	0.9049096130836302	0.0008042946089684489
4584	-5.256451053061637	0.8523787301903981	0.0007662965403873437
4585	-4.773052695319169	0.815204937897882	0.0007245015702295824
4586	-4.5891030662855	0.8474659178092434	0.0007664903115699307
4587	-5.024666078250078	0.893991383693677	0.0007652132394311275
4588	-4.0043492203991065	0.5255000900846905	0.0019354205976526194
4589	-6.844553063159425	0.9082705401683895	0.0010694972243252196
4590	-6.905658976437201	0.894972554791641	0.0012469298828133592
4591	-6.214330156541323	0.9519440479288079	0.0011299016159379103
4592	-3.658371127548969	0.36624595084401623	0.002290371580023387
4593	-6.579664207698692	0.9096659705065949	0.000885258127638623
4594	-5.282134199504496	0.8590130706171208	0.0007570221413890609
4595	-6.122467797745718	0.9710226991836871	0.0011804400247396277
4596	-4.889686603329089	0.8101224107216521	0.0007785514506084059
4597	-6.3820915577636566	0.9132316118785305	0.0009451708369215924
4598	-5.090116978785619	0.9351652210186561	0.0009424331678829528
4599	-4.837993978451786	0.849058418766243	0.0007110782913396208
4600	-4.96013414822628	0.9267158429122415	0.0009477735581469012
4601	-4.681436531125503	0.8781499007780875	0.0008308902801538723
4602	-4.244235071313265	0.7707406646575417	0.0007966979217140897
4603	-4.392872668889083	0.7341489367573913	0.0008021963333885646
4604	-4.1824162123449256	0.6956472080091827	0.0008319207876280809
4605	-6.849312232704138	0.9831543772932092	0.0014362924591092788
4606	-4.449120987523391	0.8068385588360703	0.0007419792491702483
4607	-5.3940280210921	0.849140090672612	0.0008067510429574433
4608	-5.009869452236231	0.8983539381186405	0.0007803188909316872
4609	-4.423198328343691	0.793136042527095	0.0007371153218322545
4610	-5.682887854827849	0.9183227701957752	0.0007876767501037866
4611	-5.824773918262639	0.8698712620639958	0.0009107746905658445
4612	-6.415370280940302	0.9409563884758022	0.001071605055857322
4613	-3.7349691152152746	0.5224741738197777	0.0014921994016112107
4614	-4.325793652946311	0.8429677598134981	0.000961777450336489
4615	-5.20858084704028	0.8089343049400121	0.0009726678270079496
4616	-6.066114124787084	0.9119940394048466	0.0009494533994724442
4617	-5.809244033636575	0.8554744674161177	0.0009741341676242311
4618	-4.74157378867662	0.8407311195120944	0.0007121105221614318
4619	-5.422657988699079	0.8748505633952772	0.0007504119224774194
4620	-5.053301757118873	0.8800183395007024	0.000735887233755517
4621	-5.226466941645303	0.9088567545356772	0.0007929575991958511
4622	-4.125992633350962	0.7038107623944899	0.0008325921672335846
4623	-5.033471847180573	0.8814992829689341	0.0007382055348452358
4624	-6.114610138529537	0.8668440530294563	0.0009966484297690235
4625	-6.172727581909289	0.8794573534098702	0.0009652656796260426
4626	-6.127588804656401	0.9068261413994949	0.0009667462724938652
4627	-5.979841348403199	0.919627016385779	0.0009067823439708844
4628	-6.565893513490337	0.9634196919375058	0.001208710492715444
4629	-6.403504152703162	0.9042342295981389	0.0009117254866005089
4630	-5.107354876357069	0.8732139321692233	0.0007318042651183206
4631	-5.187300997363019	0.9455144727435288	0.0009861441325359844
4632	-5.921804259614001	0.8383758294102399	0.0011363780524687424
4633	-4.801647441254207	0.7958668501612023	0.0007911739772112517
4634	-4.664528880692565	0.862641925194445	0.0007781450255859401
4635	-4.978918728598098	0.842016346659157	0.0007280428775335545
4636	-6.69313852278471	0.9274709002598983	0.0009475687135529917
4637	-3.7118653546467817	0.6331552229107448	0.0013851429133222585
4638	-4.5496644618648885	0.8709820460898162	0.0008883404880402641
4639	-5.997560429829945	0.8603113449162859	0.0010204495552965521
4640	-5.0048827460828536	0.8931709100979496	0.0007655784402157448
4641	-3.321485640732234	0.14394070360742453	0.0035778728526162985
4642	-5.557861566344557	0.9312059606996098	0.0008341807508799533
4643	-5.013798397926971	0.822353491376808	0.0007872321518230894
4644	-4.130901114632534	0.6214718314287733	0.00109827291815494
4645	-4.172389295565401	0.8241089563093026	0.0011043806539546097
4646	-5.648673098542308	0.9460940928780606	0.0008947822025609108
4647	-3.9651990537432695	0.6643221123455862	0.0009320425906852352
4648	-4.731814336541935	0.9291254731428127	0.0012065342761699667
4649	-3.9123930354783063	0.71018490863511	0.0011082051870944362
4650	-4.139261676732886	0.6811466900140073	0.0008535547506576118
4651	-6.371152280016005	0.8772155287951053	0.0008997124975088943
4652	-5.990212570220621	0.9103960721037482	0.0009114712290709263
4653	-6.544059042719996	0.8890967916732122	0.0008681418830144423
4654	-4.734992791894969	0.824637163956177	0.0007095825748974954
4655	-4.124876263756497	0.7547769598472636	0.0008748887101016862
4656	-3.7750986261674697	0.6200713116516982	0.001165062934298107
4657	-4.855363133479407	0.8498781576186818	0.0007111813799470556
4658	-6.587160088498282	0.7771624541530311	0.0024500313431266344
4659	-4.290359336564238	0.882156923238158	0.0014623177139872366
4660	-6.585524594454623	0.9665861930628173	0.0012358290134103502
4661	-5.880162243017082	0.8974933943905481	0.000862975337359948
4662	-6.363939126162825	0.9416382045207812	0.001090519003460979
4663	-6.0349574573701705	0.9387355846715023	0.0009681248596291873
4664	-6.734708137918547	0.9184709711891252	0.0009464607653133761
4665	-6.059047115230685	0.914402511239308	0.0009473934926673731
4666	-4.166124423736238	0.7801625665448882	0.0008896364096536981
4667	-6.594177990977786	0.8622136020105813	0.0009486029191849026
4668	-3.775573912448063	0.34375895945827906	0.002581135780625898
4669	-4.125563771916318	0.8339549421182686	0.0013387338876705863
4670	-4.221079909831541	0.7042739023297089	0.0008209973891956853
4671	-6.2259163589594815	0.9848751574590138	0.0013962828576890916
4672	-5.053224515018814	0.8530196677786602	0.0007295593773842953
4673	-6.103467968354047	0.8557586971492153	0.0010326055950378248
4674	-6.073835295026495	0.9455435907621996	0.0010135145679849506
4675	-4.56592918863295	0.8435864208208339	0.0007664132110728255
4676	-4.299734532197771	0.6991324001756403	0.0008713804400499961
4677	-6.985612896476669	0.9670945805931014	0.001480284784144929
4678	-4.606903035814912	0.7820660396929167	0.0007497368837967271
4679	-5.677875861375003	0.8172016100232729	0.0012332128377397578
4680	-5.10251946678814	0.8248064638514891	0.0008140816822259898
4681	-5.469758558416396	0.9302181047773062	0.0008466070315655443
4682	-5.471784288832736	0.9492827447355817	0.0009606154731689887
4683	-4.904979341840715	0.8595914889624395	0.0007161286757878492
4684	-5.807571777955258	0.8724225244257027	0.0008909631357657715
4685	-4.563028095675208	0.8348173548322044	0.0007465506943365943
4686	-4.173757283728342	0.7144448678690644	0.0008118097243455867
4687	-6.5829029296787755	0.9139552452633986	0.0008945491136351742
4688	-5.9861788707469605	0.8705633458133389	0.0009795125129811709
4689	-4.84197271382782	0.8914872063866349	0.0008060244967252723
4690	-4.50051304264943	0.855509137678556	0.0008491219594872418
4691	-6.5053380274632095	0.9224585842215964	0.000936290277399558
4692	-5.142221107657866	0.8809792842843984	0.0007392432215379647
4693	-6.772502177875954	0.9089616581649346	0.0009728305529794672
4694	-4.409463533046781	0.8120043256527564	0.0007680085128067188
4695	-4.943268277726607	0.8521038091565213	0.0007154068451336637
4696	-5.499329573628623	0.8997675900647663	0.0007544350652166186
4697	-6.7413440889963105	0.93896956788162	0.0010099858415915871
4698	-3.90396664908765	0.7015860270715236	0.0010981278103994552
4699	-6.570357898578798	0.8793508476071533	0.0008829713806070161
4700	-4.5727988129893165	0.9114975956138288	0.001216783231642459
4701	-5.422872043951969	0.9481427861848511	0.0009625854201671884
4702	-5.097228584002335	0.8899610854974626	0.0007514062745660329
4703	-4.3269145438129915	0.8374995688105092	0.0009284501145432601
4704	-4.13382040263102	0.727905151968937	0.0008318666801424564
4705	-6.496301423450454	0.9388819899131486	0.0010267104516368966
4706	-5.186067377326891	0.8608176214468308	0.0007421668378154673
4707	-4.137851754063318	0.8724897429620092	0.0020285871581605655
4708	-4.654239797232318	0.8449561095845337	0.0007357705723318127
4709	-3.3688587688979537	0.07332861451240336	0.0029756095146543484
4710	-5.0082333194156385	0.8808813039650353	0.0007380891559286783
4711	-3.3662658676805552	0.17123291614536407	0.003482898828867284
4712	-4.294303765121325	0.8687634795691026	0.001252821940623612
4713	-5.703437047723325	0.9832293064748033	0.0012344953026058737
4714	-5.055154540173765	0.8816766563967623	0.0007381689254557621
4715	-6.574360139915534	0.9060627098609775	0.000879060550164591
4716	-4.042903819863165	0.681308349341526	0.000877435751029527
4717	-4.116683382762637	0.742636814696801	0.0008620930471207369
4718	-6.5528218356012795	0.8801471728244857	0.0008777281566417227
4719	-6.69129877983648	0.9783884417931518	0.0013476035976315655
4720	-5.237350750618419	0.8810278380680896	0.0007426247008319893
4721	-4.441503642699494	0.8289029827669641	0.0007913754806418669
4722	-4.978463737337074	0.8236099678809468	0.0007688189753851334
4723	-6.796519303000411	0.8841275148261735	0.001065551777730968
4724	-5.912152746024044	0.8679563112188633	0.0009628910958266773
4725	-5.559729835407341	0.8624729049870186	0.000809280325949426
4726	-5.010060677798978	0.88545270613171	0.000746467195009799
4727	-3.549940562677177	0.20616367973819483	0.0030713945054214376
4728	-4.10332355747258	0.7420555576676795	0.0008750729837347178
4729	-5.3734480337096855	0.8947023672360708	0.0007538296950230243
4730	-5.6906501467442245	0.8930298700441819	0.0007821811106435662
4731	-4.486098893969067	0.7564814364664147	0.0007753507894029218
4732	-5.569038847635531	0.9178805053283031	0.0007852800105267592
4733	-5.270667336645741	0.8359829810988246	0.0008253216470538361
4734	-5.226135081934724	0.841425997369772	0.0007905639233763448
4735	-5.214523843203882	0.89480077761969	0.0007593919804590663
4736	-6.757876086844472	0.9248898338244712	0.0009737251979094576
4737	-5.261850488797837	0.8784929363576	0.0007421619173760766
4738	-6.562637332067115	0.8314820801393172	0.001153167599184795
4739	-6.621010573852695	0.8954301497418946	0.0008800529747368322
4740	-4.883559280630987	0.8675006159360006	0.0007266728917609044
4741	-6.139079422672158	0.9616684058515512	0.0011332831535868905
4742	-5.001517422873792	0.8574565821501716	0.0007202404657654798
4743	-6.843534252488274	0.9121039516174944	0.0010626844721524857
4744	-4.34869252657631	0.7483523637679673	0.0007613918854713833
4745	-6.133160194307353	0.9301499710367676	0.0010053040220615694
4746	-4.010140672929086	0.7391138705413463	0.0010007989648735357
4747	-5.864887973319371	0.8569618504873734	0.000994440212660885
4748	-5.442426416798	0.8839265049330312	0.0007463931239861014
4749	-5.3089384014654115	0.9926739421798545	0.0015461879945701772
4750	-5.593241789044571	0.8574685963402134	0.0008439526044168203
4751	-6.023023524464555	0.921692167947488	0.0009331933014374858
4752	-6.33373592160088	0.8624279190849968	0.0009331297872048849
4753	-4.402897964797254	0.7138169690714593	0.0008956457299845372
4754	-6.7871373271112905	0.9507830441122826	0.0010957984382940751
4755	-4.215368867069951	0.7362106994132603	0.0007910059916142447
4756	-4.699633282469559	0.8366440773263083	0.0007139462596107876
4757	-5.251382609645828	0.857432900510702	0.0007554168899541416
4758	-6.914290971660074	0.887737813660639	0.001317122892561277
4759	-4.174194337118463	0.7165533897781136	0.0008106042843345283
4760	-4.416743208395765	0.8499072232078219	0.0008948246239349271
4761	-6.371390308855083	0.885737473714286	0.000898463846441981
4762	-6.149293063966095	0.8424277589217694	0.0010756001846471336
4763	-6.854350357459395	0.8799389828531652	0.0012072738851717107
4764	-6.415915530707045	0.9095146412582907	0.0009209650408470947
4765	-4.812390198346912	0.6953811147793786	0.003158025080586896
4766	-6.490144737159052	0.8495111036631782	0.0009694869941916388
4767	-6.712580388537972	0.8782177837586311	0.0009768195994607452
4768	-4.7640209425195055	0.8685791633561991	0.0007561632207586715
4769	-6.038658653208563	0.8810044327145534	0.0009642476709042546
4770	-3.6606470333381638	0.5852883536411521	0.001413530399095372
4771	-4.99976417616096	0.8707193564388239	0.0007251331483814283
4772	-6.385552884328116	0.8662990475515492	0.0009101089489682849
4773	-6.857672692133096	0.8751924380978886	0.0012511516828994347
4774	-5.978931661878416	0.9305049545065919	0.0009170665081832974
4775	-6.056347355479712	0.8911764981726685	0.0009527806070094807
4776	-5.604610254937916	0.8792034834306889	0.0007769805925452037
4777	-4.427102438982111	0.8218065277782287	0.0007806526567169681
4778	-5.955406591262358	0.9168367863599982	0.0008916934524442838
4779	-3.7902373594653445	0.5521925155554723	0.001276831495004041
4780	-5.739321631484955	0.8508809893398926	0.0009617204780934408
4781	-4.551074192456767	0.7182320896656876	0.0010862635239777165
4782	-6.486308032727321	0.9356041291944887	0.0010099031667087522
4783	-6.320742312132926	0.8622573129285862	0.0009378230237385855
4784	-4.419306447387581	0.8183159799440441	0.0007765429352412595
4785	-5.118534572343872	0.9051194666861946	0.0007879397797526187
4786	-3.8918971456267246	0.6428457500004667	0.0009979239423840724
4787	-4.50374609531868	0.7368960840212619	0.0008685104889205842
4788	-5.88963707775802	0.8392750294454837	0.001121403530873909
4789	-5.176424664671842	0.8623388333836965	0.0007396640019508878
4790	-5.630391092426038	0.884659053190249	0.0007747421783496338
4791	-5.626577464964877	0.8950164217991157	0.0007632550222203793
4792	-5.506207454588842	0.8664812747400792	0.0007797754567659993
4793	-6.287150320521373	0.9352825988856037	0.0010622916427402815
4794	-4.623297279936074	0.8996250252325303	0.0010204108666272854
4795	-5.799427167234808	0.8876708419268473	0.0008392008492467027
4796	-6.291066319574565	0.9406812169232011	0.001090630369863936
4797	-4.343297606746882	0.8218929853016153	0.0008413217633547932
4798	-5.047744760672405	0.8826342531164816	0.0007396848838781102
4799	-4.787056028549248	0.9397513160301147	0.0012772646054195552
4800	-4.398610573684827	0.8207907067503571	0.0007955094654559856
4801	-5.644404016671263	0.9061112402919134	0.00076774440239916
4802	-4.725417784905922	0.7942076783269606	0.0007601067471383782
4803	-6.79375764571501	0.9355517925235437	0.0010302030878791108
4804	-6.0927724651668616	0.8732888146059498	0.000984493817390483
4805	-3.934158276712981	0.7423597999673229	0.0011897307311003263
4806	-4.550531847911218	0.8197493719373079	0.0007264344603105571
4807	-6.94429845368603	0.9287257319846626	0.0012542919932635288
4808	-6.49677810475007	0.861596572119009	0.0009161114088309484
4809	-6.378399302274806	0.9048382558117781	0.0009224046889655562
4810	-5.244485809920145	0.9733587828615685	0.001258231680050373
4811	-5.310634289848226	0.9325108803504626	0.0008824359238425652
4812	-6.380718529443416	0.8633615986354437	0.0009177848762684498
4813	-4.374851763284353	0.8081266307717653	0.0007791658813112092
4814	-6.601189999248804	0.8962119814426842	0.0008746901161653072
4815	-4.486357131321592	0.8383873446246219	0.0007930385202617297
4816	-4.3125706985325545	0.707713089562599	0.0008474477419328679
4817	-4.244579926033114	0.7194247190453396	0.000797854160447971
4818	-4.8041745819339345	0.8712999408499643	0.0007508292416516667
4819	-4.564614533321686	0.840381817041516	0.0007586334008095028
4820	-6.523176170737216	0.9278866163538	0.00095514093606821
4821	-6.525572492251226	0.938345708996909	0.0010123473587065957
4822	-4.599266932808625	0.8011516012493275	0.000717377879944949
4823	-6.379944503695964	0.890028747739826	0.0008979656684692766
4824	-4.408109185000166	0.7786804443608375	0.0007363687608336996
4825	-4.690969028289823	0.832646354280461	0.0007120274041193937
4826	-6.103332299484613	0.965324508536674	0.0011272572555094213
4827	-3.912861418465814	0.7009955139651548	0.0010765626551864894
4828	-4.4070190206296145	0.7925427964493925	0.0007416364412778873
4829	-5.60856141837523	0.930709621315034	0.0008242680249856373
4830	-6.1529940020914395	0.8840124043032103	0.000965397449939359
4831	-6.904207179972883	0.8911206385184695	0.0012650262467673497
4832	-5.820398610087193	0.9474985152868662	0.000897409674905743
4833	-5.158566719318115	0.8555195592393685	0.000744217308677729
4834	-5.661655114785568	0.8881821574613228	0.0007789914625211193
4835	-6.115701354151063	0.9940455145267136	0.0013998467178338056
4836	-6.734564752725984	0.9419903349605979	0.0010215170856031355
4837	-6.617939292766207	0.9611078260801303	0.0011645785767536328
4838	-3.959562236045758	0.7661297751152234	0.0012570633967017146
4839	-6.662689247770332	0.884389717148651	0.00091436721838619
4840	-5.563647897901237	0.8969461573615444	0.0007541799661357188
4841	-6.376964132335519	0.8420132740759796	0.0010031396688623669
4842	-4.795423028512449	0.9156905729924182	0.0009872288762822739
4843	-4.688943850272234	0.8738734763555872	0.0008076604631884332
4844	-5.340063371207327	0.9018659741153762	0.0007683658285642673
4845	-6.68232626444829	0.9531276012889397	0.0010826509219069036
4846	-3.866414497541729	0.5571421692001186	0.0012527426133956889
4847	-6.961355971044423	0.9112646330226472	0.001335541216063585
4848	-4.273272726760489	0.7596399857007395	0.0007714517729937802
4849	-6.600752342038045	0.8963779251821586	0.0008745978724789314
4850	-6.386645430627845	0.9016834560594074	0.0009122725392461359
4851	-5.465931235486646	0.893996697472252	0.0007495975571491999
4852	-4.274962966027595	0.8124883305087771	0.0008735834714676954
4853	-6.6605959944586015	0.8629883561317532	0.0009966560065014826
4854	-4.487331154293549	0.8922568135004376	0.0011282548644152867
4855	-3.4344619847908318	0.22308681940783442	0.0031929179315370085
4856	-4.144334443971928	0.779858071423272	0.0009172511706426634
4857	-4.431111455202302	0.8090832059263017	0.0007523553569248533
4858	-4.850022364527876	0.8176127933242058	0.0007403162407488943
4859	-4.844169949183768	0.8752998650397255	0.0007502452212499448
4860	-5.521905038235646	0.8829051658304469	0.0007536809509948338
4861	-4.76942193846084	0.845543845371086	0.000713093086188513
4862	-3.942744990865223	0.6072085083035564	0.001014527583023396
4863	-4.965612975994441	0.8344053214287387	0.0007372429093183598
4864	-4.622971587155169	0.8767965330161366	0.0008630732275092378
4865	-5.052564758519143	0.8816382172874347	0.0007381286318306823
4866	-6.554521870879356	0.8821308478976987	0.0008751335718887327
4867	-5.156603014026663	0.8648260029317975	0.0007358967685694006
4868	-6.607155535956677	0.9123562449099225	0.0008916836220194512
4869	-4.529779556168504	0.8857711489474085	0.0010092308569528482
4870	-6.858572378277879	0.9446704919422619	0.0011304154224062233
4871	-3.737220016450594	0.44405137761026914	0.0021670819207898445
4872	-5.488904411730323	0.9044164295359313	0.0007614471668078389
4873	-4.568820124186559	0.8346348211574335	0.0007440049050817349
4874	-5.560960030241058	0.9249879773804968	0.0008085567932236568
4875	-4.007576038732119	0.638269791330122	0.0009306981290360733
4876	-4.422416980350434	0.7874830276818244	0.0007345442231505672
4877	-5.685873519562806	0.8931642037941203	0.0007804472510129416
4878	-6.193782997201893	0.8663987758949747	0.000976798341277853
4879	-5.012532553939645	0.9647066815534225	0.0013498616084776831
4880	-4.915929455384326	0.8230101571931848	0.00074822997256098
4881	-4.103370005039679	0.7117723528121234	0.000844580283513106
4882	-4.612140038511774	0.8356663838089061	0.0007315987272478468
4883	-4.0824429255447665	0.7966508182973591	0.001116633324166846
4884	-4.652347305843558	0.9032785810630067	0.0010210067543266728
4885	-6.889248505026994	0.8609528426285334	0.0014984938314109401
4886	-4.275390941624051	0.8847088966419561	0.001566391883197551
4887	-5.361211487349029	0.95734852262727	0.0010465953715270346
4888	-5.3382847116806715	0.863587708700369	0.0007565103054563661
4889	-4.481564134085157	0.7724751419994067	0.0007394515973431295
4890	-6.865896265550455	0.9112200515194098	0.0011020621574032066
4891	-5.4813679508868995	0.8436399366356746	0.0008643103092169636
4892	-4.070859620388769	0.790671222037097	0.0011055077525247404
4893	-4.633560322842402	0.8416872073576052	0.0007358519925157439
4894	-4.245093531498043	0.7057065526450823	0.0008231025847455412
4895	-4.60446705524453	0.7707328118422128	0.0007840445367543682
4896	-5.281692825218308	0.8438283835359706	0.000796696814594325
4897	-4.359509601699247	0.7344110802378793	0.0007885988769048445
4898	-4.411994106202901	0.8552541197440314	0.0009297404004599319
4899	-5.386269096446773	0.8552389363123296	0.0007837508421165438
4900	-5.641432047820155	0.8305485219562365	0.0010580407080178073
4901	-4.2989029913124135	0.7053099459619382	0.0008475482272353438
4902	-6.036026269604588	0.92248378183451	0.0009413401032608032
4903	-5.201720393611391	0.821399764053427	0.0008759708906954039
4904	-5.883723159011184	0.9261548758888898	0.0008592498012165218
4905	-6.844576369365464	0.9449869921358487	0.001115159122380081
4906	-4.516796253141868	0.752053079874816	0.0008062793810756599
4907	-4.725754578352358	0.8252291714265284	0.0007090428445077912
4908	-4.224038164982664	0.8883216929356555	0.0019069174173904026
4909	-3.8735272897970123	0.5615780881732662	0.0012256073717313543
4910	-4.899171635744919	0.8770723812864877	0.0007425133022290919
4911	-5.162721307579662	0.9584377900019859	0.0011175524238327993
4912	-4.839619554398281	0.9190106001340105	0.0009763693357980903
4913	-5.017173812203398	0.8943480080181788	0.0007671430103441479
4914	-4.093434782482176	0.7982169223222767	0.0011003808689617552
4915	-3.95626870805817	0.5342735478942526	0.001624120967330948
4916	-4.154851226812528	0.8320844651624479	0.0012224372848446412
4917	-4.406306840735336	0.8414809799178614	0.000863863198486078
4918	-4.239111707162524	0.8248807095328885	0.0009809088694534523
4919	-5.3555331157237855	0.9324130804754236	0.00087650286129197
4920	-4.212481631776203	0.7530679082228906	0.0007982948724511461
4921	-5.6925675389516845	0.8780565058673494	0.0008125685168038455
4922	-4.5465686127509874	0.9494508945197688	0.002144817443098102
4923	-5.406870492406486	0.8849822565419939	0.0007455730816779378
4924	-4.62201098507316	0.8090393385380459	0.0007133164869651961
4925	-4.415107836264757	0.8924723392149803	0.0012673877564854518
4926	-3.836853995544805	0.6797332986179624	0.0011869408592333722
4927	-4.593402918942225	0.9004329519724901	0.0010628093808148554
4928	-5.792073443811627	0.8559319784613599	0.0009618098968502659
4929	-5.223389525833382	0.9006070026801161	0.0007712051671565503
4930	-4.215897938053217	0.8096011988695787	0.0009352777732687719
4931	-5.490862499101869	0.9169692839439979	0.0007912467370242628
4932	-4.78028704334673	0.8320682492965656	0.0007089386010656023
4933	-4.046713182995434	0.6475259446678748	0.0009115150788708154
4934	-4.4868085258411465	0.917263945769145	0.0014914524709232525
4935	-3.655012345431347	0.45890722163289277	0.002061845873298042
4936	-5.033631583570596	0.9143626026840131	0.000838534356886375
4937	-4.70099619330236	0.8398375522560536	0.0007168691682773229
4938	-4.425130624283921	0.7374931063734796	0.0008074761685566791
4939	-5.92613339209938	0.9473121900936546	0.0009307051166580417
4940	-4.742838943191387	0.8794556576293844	0.0008025007086892756
4941	-6.410718624517142	0.9099534662581373	0.0009241501284573331
4942	-4.704592583883423	0.8447727890668367	0.0007224417861808347
4943	-3.5543208789960477	0.23660020955478134	0.002983782046953654
4944	-5.542962562076897	0.9190635531416909	0.0007911168977814087
4945	-4.203379350295656	0.8218591964614381	0.0010239208231931141
4946	-6.035201567857318	0.8932137278383364	0.0009441749957262904
4947	-3.9990416940110913	0.7276705318177767	0.0009875352385851396
4948	-5.821729443642332	0.8857363611598806	0.0008556956470373079
4949	-4.762520671439216	0.7873766026271364	0.0008062500535545984
4950	-4.969908221596199	0.8543541851672604	0.0007175471076114905
4951	-4.607313016594427	0.8680558907509138	0.0008310288340493844
4952	-5.820486043142277	0.8089681632301325	0.0014338301733940885
4953	-5.06662331992499	0.8697723486600264	0.0007274563517054017
4954	-4.537913118582071	0.862242855760414	0.0008522867593239698
4955	-3.5931582509483757	0.22999728599800803	0.0030455887002271164
4956	-5.0165230145298665	0.9125648218227127	0.0008350113328033039
4957	-5.125259067158414	0.9340239398177133	0.0009221793701262926
4958	-4.436186168001335	0.8278279176389736	0.0007915369831405821
4959	-3.679858633536168	0.4317985354772603	0.0022175576538681747
4960	-5.763741175810328	0.9229080547186673	0.0008102594822389403
4961	-5.230477188855613	0.8549387867984675	0.0007566204811764034
4962	-5.2017320251429355	0.8433137208175479	0.0007783692103895
4963	-4.224256693620455	0.8098420705179186	0.0009246620665156797
4964	-5.8208238456242105	0.9297122003080494	0.0008393782445890891
4965	-3.9087257912361606	0.6552003169156978	0.0009870156065832272
4966	-6.8958111213666	0.8735808626612435	0.0013777895040710385
4967	-4.328642292942182	0.8046978282135634	0.0008014610746272542
4968	-4.999351583990521	0.8664868720373329	0.0007219753393869265
4969	-6.4843752377509105	0.9642448832336641	0.0012519445733994957
4970	-4.140237582053222	0.724291968642599	0.0008258809485070925
4971	-4.216043305350541	0.7631525582892598	0.0008062617788379047
4972	-6.0437864988296655	0.8513351190377607	0.0010612919976605059
4973	-6.04874576011124	0.8956289301380163	0.0009462572259870243
4974	-5.774971929015143	0.953421368804994	0.0009250802061096962
4975	-4.404346320236511	0.8427239180249535	0.0008713335136645712
4976	-4.664322870958812	0.8102388905791317	0.0007142840481771069
4977	-5.622317134673754	0.8419188729090563	0.0009509599312776774
4978	-3.7634277207031825	0.22112013155586024	0.0036376614099644824
4979	-5.598022434687547	0.8868329729789136	0.0007633733778061227
4980	-6.231687053979488	0.9066565554653443	0.0009699929819765902
4981	-4.033835341492316	0.8063792521973638	0.0013545103423813997
4982	-5.675946448988901	0.8619849849008003	0.000863965306641918
4983	-4.942329976348234	0.8506410093823196	0.0007156413277131535
4984	-4.19211171439733	0.8349111321550448	0.0011497563095688426
4985	-4.610177082959234	0.7779040085615146	0.0007625542075803172
4986	-3.58930892529057	0.1291459409696561	0.002917255171108204
4987	-6.6916965658162075	0.870940668193439	0.0009866876152307455
4988	-3.9096681631451005	0.6220825909731049	0.0009889240337720333
4989	-4.771566192317086	0.869757149276494	0.0007569261465843385
4990	-6.198337257719297	0.9814141968745088	0.0013344398871204428
4991	-4.563787376912985	0.8986492600205258	0.0010832839631534847
4992	-4.903282740222504	0.8868622245561658	0.0007676396277923485
4993	-5.88283432662465	0.8905976023204125	0.000877184185842389
4994	-4.427317837736897	0.7619940229620211	0.0007483868533557276
4995	-5.6032693596195715	0.9495384634413016	0.0009277358650985905
4996	-3.9988842823343598	0.5991897601049088	0.0010762018659505204
4997	-4.184754831610531	0.7359792857279356	0.0008046926415579724
4998	-4.100228299117681	0.6577845760238392	0.0008968792811663422
4999	-6.739619933168585	0.8772871755708354	0.0010130589228047504
5000	-4.5389208600293545	0.731541054523958	0.0009434540442087633
5001	-4.353846851441533	0.7619747935900932	0.0007494070571313943
